41947
39534
49716
40431
39567
49713
50625
40537
39559
50719
39529
40425
39513
39476
44776
39500
39528
39503
39840
40429
39931
40535
39936
39506
39554
39502
39611
40337
40053
39552
40427
39524
40333
51616
39778
39489
39562
44774
39883
40432
39602
39537
39492
39497
39499
39473
39601
39540
40335
50661
39556
39882
44771
39530
39564
40331
39535
39557
39527
41944
44787
50717
39541
39561
40412
40066
50624
40070
39910
40430
40054
40423
39932
44848
51626
39477
40415
50641
49712
44790
40536
44788
49684
39514
41929
39568
39538
40529
40532
39495
40336
40530
44775
40424
44773
39543
39610
44789
40534
39539
39501
40428
49715
50707
40332
39498
39884
50631
39566
39870
39569
44770
41946
40433
40052
39509
39933
39474
44772
39531
40131
39542
39505
39560
39536
39470
39558
39490
40055
39491
39563
40334
39679
39496
39526
50640
41936
39603
40338
39555
40533
44777
49694
44791
39493
39565
42077
39472
40413
41947
39534
49716
40431
39567
49713
50625
40537
39559
50719
39529
40425
39513
39476
44776
39500
39528
39503
40429
40535
39506
39554
39502
39611
40337
40053
39552
40427
39524
40333
51616
39489
39562
44774
40432
39602
39537
39492
39497
39499
39473
39601
39540
40335
39556
44771
39530
39564
40331
39535
39557
39527
41944
44787
50717
39541
39561
40412
40066
50624
39910
40430
40423
40054
44848
51626
39477
40415
50641
49712
44790
40536
44788
49684
39514
39568
41929
39538
40529
40532
39495
40336
40530
44775
40424
44773
39543
39610
44789
40534
39539
39501
40428
49715
50707
40332
39498
50631
39566
39569
41946
40433
40052
39509
39474
39531
40131
39542
39505
39560
39536
39470
39558
39490
40055
39491
39563
52375
39679
40334
39496
39526
50640
41936
39603
40338
39555
40533
49694
44791
39493
39565
42077
39472
40413
41947
49716
40431
39567
49713
50625
40537
50719
39529
40425
39513
39476
44776
39500
39528
39503
39840
40429
39931
40535
39936
39506
39554
39502
39611
40337
40053
39552
40427
39524
40333
51616
39778
39489
39562
44774
39883
40432
39602
39537
39492
39497
39499
39473
39601
39540
40335
39556
39882
44771
39530
39564
40331
39557
39527
41944
44787
50717
39541
39561
40412
40066
50624
40070
39910
40430
40054
40423
39932
44848
51626
39477
40415
50641
49712
40536
49684
39514
41929
39568
39538
40529
40532
39495
40336
40530
44775
40424
44773
39543
39610
44789
40534
39539
39501
40428
49715
50707
40332
39498
39884
50631
39566
39870
39569
44770
41946
40433
40052
39509
39933
39474
44772
39531
40131
39542
39505
39560
39536
39470
39558
39490
40055
39491
39563
52375
40334
39679
39526
50640
41936
39603
40338
39555
40533
44777
49694
44791
39493
39565
42077
39472
40413
41947
39534
49716
40431
39567
49713
50625
40537
39559
50719
39529
40425
39513
39476
39500
39528
39503
40429
39931
40535
39936
39554
39502
39611
40337
39552
40427
39524
40333
51616
39489
39562
40432
39537
39492
39497
39499
39473
39601
39540
40335
39556
44771
39530
39564
40331
39535
39557
39527
41944
44787
50717
39541
39561
40066
50624
40430
39932
44848
51626
39477
40415
50641
49712
44790
40536
44788
49684
39514
39568
41929
39538
40529
40532
39495
40336
40530
44775
40424
44773
39543
39610
44789
40534
39539
39501
49715
40428
50707
40332
39498
50631
39566
39870
39569
41946
40433
40052
39509
39933
39474
44772
39531
39542
39505
39560
39536
39470
39558
39490
40055
39491
39563
52375
39679
40334
39496
39526
50640
41936
39603
40338
39555
40533
44777
49694
44791
39493
39565
42077
39472
40413
41947
49716
40431
39567
49713
50625
40537
50719
39529
40425
39513
39476
44776
39500
39528
39503
39840
40429
39931
40535
39936
39506
39554
39502
39611
40337
40053
39552
40427
39524
40333
51616
39778
39489
39562
44774
39883
40432
39602
39537
39492
39497
39499
39473
39601
39540
40335
39556
39882
44771
39530
39564
40331
39557
39527
41944
44787
50717
39561
39541
40412
40066
50624
40070
39910
40430
40054
40423
39932
44848
51626
39477
40415
50641
49712
40536
49684
39514
41929
39568
39538
40529
40532
39495
40336
40530
44775
40424
44773
39543
39610
44789
40534
39539
39501
40428
49715
50707
40332
39498
39884
50631
39566
39870
39569
44770
41946
40433
40052
39509
39933
39474
44772
39531
40131
39542
39505
39560
39536
39470
39558
39490
40055
39491
39563
52375
40334
39679
39526
50640
41936
39603
40338
39555
40533
44777
49694
44791
39493
39565
42077
39472
40413
41947
39534
49716
40431
39567
49713
50625
40537
39559
50719
39529
40425
39513
39476
44776
39500
39528
39503
39840
40429
39931
40535
39936
39506
39554
39502
39611
40337
40053
39552
40427
39524
40333
51616
39778
39489
39562
44774
39883
40432
39602
39537
39492
39497
39499
39473
39601
39540
40335
50661
39556
39882
44771
39530
39564
40331
39535
39557
39527
41944
44787
50717
39541
39561
40412
40066
50624
40070
39910
40430
40054
40423
39932
44848
51626
39477
40415
50641
49712
44790
40536
44788
49684
39514
41929
39568
39538
40529
40532
39495
40336
40530
44775
40424
44773
39543
39610
44789
40534
39539
39501
40428
49715
50707
40332
39498
39884
50631
39566
39870
39569
44770
41946
40433
40052
39509
39933
39474
44772
39531
40131
39542
39505
39560
39536
39470
39558
39490
40055
39491
39563
40334
39679
39496
39526
50640
41936
39603
40338
39555
40533
44777
49694
44791
39493
39565
42077
39472
40413
41947
39534
49716
40431
39567
49713
50625
40537
39559
50719
39529
40425
39513
39476
44776
39500
39528
39503
39840
40429
39931
40535
39936
39506
39554
39502
39611
40337
40053
39552
40427
39524
40333
51616
39778
39489
39562
44774
39883
40432
39602
39537
39492
39497
39499
39473
39601
39540
40335
50661
39556
39882
44771
39530
39564
40331
39535
39557
39527
41944
44787
50717
39541
39561
40412
40066
50624
40070
39910
40430
40054
40423
39932
44848
51626
39477
40415
50641
49712
44790
40536
44788
49684
39514
41929
39568
39538
40529
40532
39495
40336
40530
44775
40424
44773
39543
39610
44789
40534
39539
39501
40428
49715
50707
40332
39498
39884
50631
39566
39870
39569
44770
41946
40433
40052
39509
39933
39474
44772
39531
40131
39542
39505
39560
39536
39470
39558
39490
40055
39491
52375
39563
40334
39679
39496
39526
50640
41936
39603
40338
39555
40533
44777
49694
44791
39493
39565
42077
39472
40413
41947
39534
49716
40431
39567
49713
50625
40537
39559
50719
39529
40425
39513
39476
44776
39500
39528
39503
39840
40429
39931
40535
39936
39554
39502
39611
40337
40053
39552
40427
39524
40333
51616
39778
39489
39562
44774
39883
40432
39602
39537
39492
39497
39499
39473
39601
39540
40335
39556
39882
44771
39530
39564
40331
39535
39557
39527
41944
44787
50717
39541
39561
40412
40066
50624
40070
39910
40430
40054
40423
39932
44848
51626
39477
40415
50641
49712
44790
40536
44788
49684
39514
41929
39568
39538
40529
40532
39495
40336
40530
44775
40424
44773
39543
39610
44789
40534
39539
39501
40428
49715
50707
40332
39498
39884
50631
39566
39870
39569
44770
41946
40433
40052
39509
39933
39474
44772
39531
40131
39542
39505
39560
39536
39470
39558
39490
40055
39491
52375
39563
40334
39679
39496
39526
50640
41936
39603
40338
39555
40533
44777
49694
44791
39493
39565
42077
39472
40413
41947
49716
40431
39567
49713
50625
40537
50719
39529
40425
39513
39476
44776
39500
39528
39503
39840
40429
39931
40535
39936
39506
39554
39502
39611
40337
40053
39552
40427
39524
40333
51616
39778
39489
39562
44774
39883
40432
39602
39537
39492
39497
39499
39473
39601
39540
40335
39556
39882
44771
39530
39564
40331
39557
39527
41944
44787
50717
39561
39541
40412
40066
50624
40070
39910
40430
40054
40423
39932
44848
51626
39477
40415
50641
49712
40536
49684
39514
41929
39568
39538
40529
40532
39495
40336
40530
44775
40424
44773
39543
39610
44789
40534
39539
39501
40428
49715
50707
40332
39498
39884
50631
39566
39870
39569
44770
41946
40433
40052
39509
39933
39474
44772
39531
40131
39542
39505
39560
39536
39470
39558
39490
40055
39491
39563
52375
40334
39679
39526
50640
41936
39603
40338
39555
40533
44777
49694
44791
39493
39565
42077
39472
40413
41947
39534
49716
40431
39567
49713
50625
40537
39559
50719
39529
40425
39513
39476
44776
39500
39528
39503
39840
40429
39931
40535
39936
39506
39554
39502
39611
40337
40053
39552
40427
39524
40333
51616
39778
39489
39562
44774
39883
40432
39602
39537
39492
39497
39499
39473
39601
39540
40335
50661
39556
39882
44771
39530
39564
40331
39535
39557
39527
41944
44787
50717
39541
39561
40412
40066
50624
40070
39910
40430
40054
40423
39932
44848
51626
39477
40415
50641
49712
44790
40536
44788
49684
39514
41929
39568
39538
40529
40532
39495
40336
40530
44775
40424
44773
39543
39610
44789
40534
39539
39501
40428
49715
50707
40332
39498
39884
50631
39566
39870
39569
44770
41946
40433
40052
39509
39933
39474
44772
39531
40131
39542
39505
39560
39536
39470
39558
39490
40055
39491
52375
39563
40334
39679
39496
39526
50640
41936
39603
40338
39555
40533
44777
49694
44791
39493
39565
42077
39472
40413
41947
39534
49716
40431
39567
49713
50625
40537
39559
50719
39529
40425
39513
39476
44776
39500
39528
39503
39840
40429
39931
40535
39936
39506
39554
39502
39611
40337
40053
39552
40427
39524
40333
51616
39778
39489
39562
44774
39883
40432
39602
39537
39492
39497
39499
39473
39601
39540
40335
50661
39556
39882
44771
39530
39564
40331
39535
39557
39527
41944
44787
50717
39541
39561
40412
40066
50624
40070
39910
40430
40054
40423
39932
44848
51626
39477
40415
50641
49712
44790
40536
44788
49684
39514
41929
39568
39538
40529
40532
39495
40336
40530
44775
40424
44773
39543
39610
44789
40534
39539
39501
40428
49715
50707
40332
39498
39884
50631
39566
39870
39569
44770
41946
40433
40052
39509
39933
39474
44772
39531
40131
39542
39505
39560
39536
39470
39558
39490
40055
39491
39563
40334
39679
39496
39526
50640
41936
39603
40338
39555
40533
44777
49694
44791
39493
39565
42077
39472
40413
41947
39534
49716
40431
39567
49713
50625
40537
39559
50719
39529
40425
39513
39476
44776
39500
39528
39503
39840
40429
39931
40535
39936
39554
39502
39611
40337
40053
39552
40427
39524
40333
51616
39778
39489
39562
44774
39883
40432
39602
39537
39492
39497
39499
39473
39601
39540
40335
39556
39882
44771
39530
39564
40331
39535
39557
39527
41944
44787
50717
39541
39561
40412
40066
50624
40070
39910
40430
40054
40423
39932
44848
51626
39477
40415
50641
49712
44790
40536
44788
49684
39514
41929
39568
39538
40529
40532
39495
40336
40530
44775
40424
44773
39543
39610
44789
40534
39539
39501
40428
49715
50707
40332
39498
39884
50631
39566
39870
39569
44770
41946
40433
40052
39509
39933
39474
44772
39531
40131
39542
39505
39560
39536
39470
39558
39490
40055
39491
52375
39563
40334
39679
39496
39526
50640
41936
39603
40338
39555
40533
44777
49694
44791
39493
39565
42077
39472
40413
41947
49716
40431
39567
49713
50625
40537
50719
39529
40425
39513
39476
44776
39500
39528
39503
39840
40429
39931
40535
39936
39506
39554
39502
39611
40337
40053
39552
40427
39524
40333
51616
39778
39489
39562
44774
39883
40432
39602
39537
39492
39497
39499
39473
39601
39540
40335
39556
39882
44771
39530
39564
40331
39557
39527
41944
44787
50717
39561
39541
40412
40066
50624
40070
39910
40430
40054
40423
39932
44848
51626
39477
40415
50641
49712
40536
49684
39514
41929
39568
39538
40529
40532
39495
40336
40530
44775
40424
44773
39543
39610
44789
40534
39539
39501
40428
49715
50707
40332
39498
39884
50631
39566
39870
39569
44770
41946
40433
40052
39509
39933
39474
44772
39531
40131
39542
39505
39560
39536
39470
39558
39490
40055
39491
39563
52375
40334
39679
39526
50640
41936
39603
40338
39555
40533
44777
49694
44791
39493
39565
42077
39472
40413
41947
39534
49716
40431
39567
49713
50625
40537
39559
50719
39529
40425
39513
39476
44776
39500
39528
39503
39840
40429
39931
40535
39936
39506
39554
39502
39611
40337
40053
39552
40427
39524
40333
51616
39778
39489
39562
44774
39883
40432
39602
39537
39492
39497
39499
39473
39601
39540
40335
50661
39556
39882
44771
39530
39564
40331
39535
39557
39527
41944
44787
50717
39541
39561
40412
40066
50624
40070
39910
40430
40054
40423
39932
44848
51626
39477
40415
50641
49712
44790
40536
44788
49684
39514
41929
39568
39538
40529
40532
39495
40336
40530
44775
40424
44773
39543
39610
44789
40534
39539
39501
40428
49715
50707
40332
39498
39884
50631
39566
39870
39569
44770
41946
40433
40052
39509
39933
39474
44772
39531
40131
39542
39505
39560
39536
39470
39558
39490
40055
39491
52375
39563
40334
39679
39496
39526
50640
41936
39603
40338
39555
40533
44777
49694
44791
39493
39565
42077
39472
40413
41947
39534
49716
40431
39567
49713
50625
40537
39559
50719
39529
40425
39513
39476
44776
39500
39528
39503
39840
40429
39931
40535
39936
39506
39554
39502
39611
40337
40053
39552
40427
39524
40333
51616
39778
39489
39562
44774
39883
40432
39602
39537
39492
39497
39499
39473
39601
39540
40335
50661
39556
39882
44771
39530
39564
40331
39535
39557
39527
41944
44787
50717
39541
39561
40412
40066
50624
40070
39910
40430
40054
40423
39932
44848
51626
39477
40415
50641
49712
44790
40536
44788
49684
39514
41929
39568
39538
40529
40532
39495
40336
40530
44775
40424
44773
39543
39610
44789
40534
39539
39501
40428
49715
50707
40332
39498
39884
50631
39566
39870
39569
44770
41946
40433
40052
39509
39933
39474
44772
39531
40131
39542
39505
39560
39536
39470
39558
39490
40055
39491
39563
40334
39679
39496
39526
50640
41936
39603
40338
39555
40533
44777
49694
44791
39493
39565
42077
39472
40413
41947
39534
49716
40431
39567
49713
50625
40537
39559
50719
39529
40425
39513
39476
44776
39500
39528
39503
39840
40429
39931
40535
39936
39554
39502
39611
40337
40053
39552
40427
39524
40333
51616
39778
39489
39562
44774
39883
40432
39602
39537
39492
39497
39499
39473
39601
39540
40335
39556
39882
44771
39530
39564
40331
39535
39557
39527
41944
44787
50717
39541
39561
40412
40066
50624
40070
39910
40430
40054
40423
39932
44848
51626
39477
40415
50641
49712
44790
40536
44788
49684
39514
41929
39568
39538
40529
40532
39495
40336
40530
44775
40424
44773
39543
39610
44789
40534
39539
39501
40428
49715
50707
40332
39498
39884
50631
39566
39870
39569
44770
41946
40433
40052
39509
39933
39474
44772
39531
40131
39542
39505
39560
39536
39470
39558
39490
40055
39491
52375
39563
40334
39679
39496
39526
50640
41936
39603
40338
39555
40533
44777
49694
44791
39493
39565
42077
39472
40413
41947
49716
40431
39567
49713
50625
40537
50719
39529
40425
39513
39476
44776
39500
39528
39503
39840
40429
39931
40535
39936
39506
39554
39502
39611
40337
40053
39552
40427
39524
40333
51616
39778
39489
39562
44774
39883
40432
39602
39537
39492
39497
39499
39473
39601
39540
40335
39556
39882
44771
39530
39564
40331
39557
39527
41944
44787
50717
39561
39541
40412
40066
50624
40070
39910
40430
40054
40423
39932
44848
51626
39477
40415
50641
49712
40536
49684
39514
41929
39568
39538
40529
40532
39495
40336
40530
44775
40424
44773
39543
39610
44789
40534
39539
39501
40428
49715
50707
40332
39498
39884
50631
39566
39870
39569
44770
41946
40433
40052
39509
39933
39474
44772
39531
40131
39542
39505
39560
39536
39470
39558
39490
40055
39491
39563
52375
40334
39679
39526
50640
41936
39603
40338
39555
40533
44777
49694
44791
39493
39565
42077
39472
40413
41947
39534
49716
40431
39567
49713
50625
40537
39559
50719
39529
40425
39513
39476
44776
39500
39528
39503
39840
40429
39931
40535
39936
39506
39554
39502
39611
40337
40053
39552
40427
39524
40333
51616
39778
39489
39562
44774
39883
40432
39602
39537
39492
39497
39499
39473
39601
39540
40335
39556
39882
44771
39530
39564
40331
39535
39557
39527
41944
44787
50717
39541
39561
40412
40066
50624
40070
39910
40430
40054
40423
39932
44848
51626
39477
40415
50641
49712
44790
40536
44788
49684
39514
41929
39568
39538
40529
40532
39495
40336
40530
44775
40424
44773
39543
39610
44789
40534
39539
39501
40428
49715
50707
40332
39498
39884
50631
39566
39870
39569
44770
41946
40433
40052
39509
39933
39474
44772
39531
40131
39542
39505
39560
39536
39470
39558
39490
40055
39491
52375
39563
40334
39679
39496
39526
50640
41936
39603
40338
39555
40533
44777
49694
44791
39493
39565
42077
39472
40413
41947
39534
49716
40431
39567
49713
50625
40537
39559
50719
39529
40425
39513
39476
44776
39500
39528
39503
39840
40429
39931
40535
39936
39506
39554
39502
39611
40337
40053
39552
40427
39524
40333
51616
39778
39489
39562
44774
39883
40432
39602
39537
39492
39497
39499
39473
39601
39540
40335
50661
39556
39882
44771
39530
39564
40331
39535
39557
39527
41944
44787
50717
39541
39561
40412
40066
50624
40070
39910
40430
40054
40423
39932
44848
51626
39477
40415
50641
49712
44790
40536
44788
49684
39514
41929
39568
39538
40529
40532
39495
40336
40530
44775
40424
44773
39543
39610
44789
40534
39539
39501
40428
49715
50707
40332
39498
39884
50631
39566
39870
39569
44770
41946
40433
40052
39509
39933
39474
44772
39531
40131
39542
39505
39560
39536
39470
39558
39490
40055
39491
39563
40334
39679
39496
39526
50640
41936
39603
40338
39555
40533
44777
49694
44791
39493
39565
42077
39472
40413
41947
39534
49716
40431
39567
49713
50625
40537
39559
50719
39529
40425
39513
39476
44776
39500
39528
39503
39840
40429
39931
40535
39936
39554
39502
39611
40337
40053
39552
40427
39524
40333
51616
39778
39489
39562
44774
39883
40432
39602
39537
39492
39497
39499
39473
39601
39540
40335
39556
39882
44771
39530
39564
40331
39535
39557
39527
41944
44787
50717
39541
39561
40412
40066
50624
40070
39910
40430
40054
40423
39932
44848
51626
39477
40415
50641
49712
44790
40536
44788
49684
39514
41929
39568
39538
40529
40532
39495
40336
40530
44775
40424
44773
39543
39610
44789
40534
39539
39501
40428
49715
50707
40332
39498
39884
50631
39566
39870
39569
44770
41946
40433
40052
39509
39933
39474
44772
39531
40131
39542
39505
39560
39536
39470
39558
39490
40055
39491
52375
39563
40334
39679
39496
39526
50640
41936
39603
40338
39555
40533
44777
49694
44791
39493
39565
42077
39472
40413
41947
40536
39514
39538
50719
40425
39513
40424
39476
44776
39528
39503
39840
40429
39931
40535
39610
39936
39506
39554
44789
40337
40053
40534
39501
49715
40428
51616
39778
39489
39602
40332
39537
39492
39497
39870
39569
39499
41946
44770
40433
39540
39509
40335
44772
39531
39556
39882
39542
44771
39505
39530
40331
39536
39558
39490
39491
39679
40334
50717
39526
39541
50640
40412
39603
40338
50624
40054
40423
40533
49694
39565
44848
51626
39477
40415
49712
40413
41947
39534
49716
40431
39567
49713
50625
40537
39559
50719
39529
40425
39513
39476
44776
39500
39528
39503
39840
40429
39931
40535
39936
39506
39554
39502
39611
40337
40053
39552
40427
39524
40333
51616
39778
39489
39562
44774
39883
40432
39602
39537
39492
39497
39499
39473
39601
39540
40335
50661
39556
39882
44771
39530
39564
40331
39535
39557
39527
41944
44787
50717
39541
39561
40412
40066
50624
40070
39910
40430
40054
40423
39932
44848
51626
39477
40415
50641
49712
44790
40536
44788
49684
39514
41929
39568
39538
40529
40532
39495
40336
40530
44775
40424
44773
39543
39610
44789
40534
39539
39501
40428
49715
50707
40332
39498
39884
50631
39566
39870
39569
44770
41946
40433
40052
39509
39933
39474
44772
39531
40131
39542
39505
39560
39536
39470
39558
39490
40055
39491
39563
40334
39679
39496
39526
50640
41936
39603
40338
39555
40533
44777
49694
44791
39493
39565
42077
39472
40413
41947
39534
49716
40431
39567
49713
50625
40537
39559
50719
39529
40425
39513
39476
44776
39500
39528
39503
39840
40429
39931
40535
39936
39554
39502
39611
40337
40053
39552
40427
39524
40333
51616
39778
39489
39562
44774
39883
40432
39602
39537
39492
39497
39499
39473
39601
39540
40335
39556
39882
44771
39530
39564
40331
39535
39557
39527
41944
44787
50717
39541
39561
40412
40066
50624
40070
39910
40430
40054
40423
39932
44848
51626
39477
40415
50641
49712
44790
40536
44788
49684
39514
41929
39568
39538
40529
40532
39495
40336
40530
44775
40424
44773
39543
39610
44789
40534
39539
39501
40428
49715
50707
40332
39498
39884
50631
39566
39870
39569
44770
41946
40433
40052
39509
39933
39474
44772
39531
40131
39542
39505
39560
39536
39470
39558
39490
40055
39491
52375
39563
40334
39679
39496
39526
50640
41936
39603
40338
39555
40533
44777
49694
44791
39493
39565
42077
39472
40413
41947
49716
40431
39567
49713
50625
40537
50719
39529
40425
39513
39476
44776
39500
39528
39503
39840
40429
39931
40535
39936
39506
39554
39502
39611
40337
40053
39552
40427
39524
40333
51616
39778
39489
39562
44774
39883
40432
39602
39537
39492
39497
39499
39473
39601
39540
40335
39556
39882
44771
39530
39564
40331
39557
39527
41944
44787
50717
39561
39541
40412
40066
50624
40070
39910
40430
40054
40423
39932
44848
51626
39477
40415
50641
49712
40536
49684
39514
41929
39568
39538
40529
40532
39495
40336
40530
44775
40424
44773
39543
39610
44789
40534
39539
39501
40428
49715
50707
40332
39498
39884
50631
39566
39870
39569
44770
41946
40433
40052
39509
39933
39474
44772
39531
40131
39542
39505
39560
39536
39470
39558
39490
40055
39491
39563
52375
40334
39679
39526
50640
41936
39603
40338
39555
40533
44777
49694
44791
39493
39565
42077
39472
40413
41947
39534
49716
40431
39567
49713
50625
40537
39559
50719
39529
40425
39513
39476
44776
39500
39528
39503
39840
40429
39931
40535
39936
39506
39554
39502
39611
40337
40053
39552
40427
39524
40333
51616
39778
39489
39562
44774
39883
40432
39602
39537
39492
39497
39499
39473
39601
39540
40335
39556
39882
44771
39530
39564
40331
39535
39557
39527
41944
44787
50717
39541
39561
40412
40066
50624
40070
39910
40430
40054
40423
39932
44848
51626
39477
40415
50641
49712
44790
40536
44788
49684
39514
41929
39568
39538
40529
40532
39495
40336
40530
44775
40424
44773
39543
39610
44789
40534
39539
39501
40428
49715
50707
40332
39498
39884
50631
39566
39870
39569
44770
41946
40433
40052
39509
39933
39474
44772
39531
40131
39542
39505
39560
39536
39470
39558
39490
40055
39491
52375
39563
40334
39679
39496
39526
50640
41936
39603
40338
39555
40533
44777
49694
44791
39493
39565
42077
39472
40413
40536
40431
49684
39514
41929
39568
49713
50625
39559
50719
40537
39529
40532
40336
40530
40425
39513
39500
39528
39503
39840
40429
39936
44789
39611
40053
40534
39552
39501
40427
49715
50707
39524
40333
39562
40432
39537
50631
39497
39499
41946
40433
40052
40335
39474
39531
39556
39530
40331
39470
39558
40055
39563
40334
44787
50717
39561
39541
40412
40338
50624
39555
40423
40430
40054
40533
44791
49694
39493
44848
40415
49712
40413
41947
39534
49716
40431
39567
49713
50625
40537
39559
50719
39529
40425
39513
39476
44776
39500
39528
39503
39840
40429
39931
40535
39936
39506
39554
39502
39611
40337
40053
39552
40427
39524
40333
51616
39778
39489
39562
44774
39883
40432
39602
39537
39492
39497
39499
39473
39601
39540
40335
50661
39556
39882
44771
39530
39564
40331
39535
39557
39527
41944
44787
50717
39541
39561
40412
40066
50624
40070
39910
40430
40054
40423
39932
44848
51626
39477
40415
50641
49712
44790
40536
44788
49684
39514
41929
39568
39538
40529
40532
39495
40336
40530
44775
40424
44773
39543
39610
44789
40534
39539
39501
40428
49715
50707
40332
39498
39884
50631
39566
39870
39569
44770
41946
40433
40052
39509
39933
39474
44772
39531
40131
39542
39505
39560
39536
39470
39558
39490
40055
39491
39563
40334
39679
39496
39526
50640
41936
39603
40338
39555
40533
44777
49694
44791
39493
39565
42077
39472
40413
41947
39534
49716
40431
39567
49713
50625
40537
39559
50719
39529
40425
39513
39476
44776
39500
39528
39503
39840
40429
39931
40535
39936
39554
39502
39611
40337
40053
39552
40427
39524
40333
51616
39778
39489
39562
44774
39883
40432
39602
39537
39492
39497
39499
39473
39601
39540
40335
39556
39882
44771
39530
39564
40331
39535
39557
39527
41944
44787
50717
39541
39561
40412
40066
50624
40070
39910
40430
40054
40423
39932
44848
51626
39477
40415
50641
49712
44790
40536
44788
49684
39514
41929
39568
39538
40529
40532
39495
40336
40530
44775
40424
44773
39543
39610
44789
40534
39539
39501
40428
49715
50707
40332
39498
39884
50631
39566
39870
39569
44770
41946
40433
40052
39509
39933
39474
44772
39531
40131
39542
39505
39560
39536
39470
39558
39490
40055
39491
52375
39563
40334
39679
39496
39526
50640
41936
39603
40338
39555
40533
44777
49694
44791
39493
39565
42077
39472
40413
41947
49716
40431
39567
49713
50625
40537
50719
39529
40425
39513
39476
44776
39500
39528
39503
39840
40429
39931
40535
39936
39506
39554
39502
39611
40337
40053
39552
40427
39524
40333
51616
39778
39489
39562
44774
39883
40432
39602
39537
39492
39497
39499
39473
39601
39540
40335
39556
39882
44771
39530
39564
40331
39557
39527
41944
44787
50717
39561
39541
40412
40066
50624
40070
39910
40430
40054
40423
39932
44848
51626
39477
40415
50641
49712
40536
49684
39514
41929
39568
39538
40529
40532
39495
40336
40530
44775
40424
44773
39543
39610
44789
40534
39539
39501
40428
49715
50707
40332
39498
39884
50631
39566
39870
39569
44770
41946
40433
40052
39509
39933
39474
44772
39531
40131
39542
39505
39560
39536
39470
39558
39490
40055
39491
39563
52375
40334
39679
39526
50640
41936
39603
40338
39555
40533
44777
49694
44791
39493
39565
42077
39472
40413
41947
39534
49716
40431
39567
49713
50625
40537
39559
50719
39529
40425
39513
39476
44776
39500
39528
39503
39840
40429
39931
40535
39936
39506
39554
39502
39611
40337
40053
39552
40427
39524
40333
51616
39778
39489
39562
44774
39883
40432
39602
39537
39492
39497
39499
39473
39601
39540
40335
39556
39882
44771
39530
39564
40331
39535
39557
39527
41944
44787
50717
39541
39561
40412
40066
50624
40070
39910
40430
40054
40423
39932
44848
51626
39477
40415
50641
49712
44790
40536
44788
49684
39514
41929
39568
39538
40529
40532
39495
40336
40530
44775
40424
44773
39543
39610
44789
40534
39539
39501
40428
49715
50707
40332
39498
39884
50631
39566
39870
39569
44770
41946
40433
40052
39509
39933
39474
44772
39531
40131
39542
39505
39560
39536
39470
39558
39490
40055
39491
52375
39563
40334
39679
39496
39526
50640
41936
39603
40338
39555
40533
44777
49694
44791
39493
39565
42077
39472
40413
40536
40431
49684
39514
41929
39568
49713
50625
39559
50719
40537
39529
40532
40336
40530
40425
39513
39500
39528
39503
39840
40429
39936
44789
39611
40053
40534
39552
39501
40427
49715
50707
39524
40333
39562
40432
39537
50631
39497
39499
41946
40433
40052
40335
39474
39531
39556
39530
40331
39470
39558
40055
39563
40334
44787
50717
39561
39541
40412
40338
50624
39555
40423
40430
40054
40533
44791
49694
39493
44848
40415
49712
40413
41947
39534
49716
40431
39567
49713
50625
40537
39559
50719
39529
40425
39513
39476
44776
39500
39528
39503
39840
40429
39931
40535
39936
39506
39554
39502
39611
40337
40053
39552
40427
39524
40333
51616
39778
39489
39562
44774
39883
40432
39602
39537
39492
39497
39499
39473
39601
39540
40335
50661
39556
39882
44771
39530
39564
40331
39535
39557
39527
41944
44787
50717
39541
39561
40412
40066
50624
40070
39910
40430
40054
40423
39932
44848
51626
39477
40415
50641
49712
44790
40536
44788
49684
39514
41929
39568
39538
40529
40532
39495
40336
40530
44775
40424
44773
39543
39610
44789
40534
39539
39501
40428
49715
50707
40332
39498
39884
50631
39566
39870
39569
44770
41946
40433
40052
39509
39933
39474
44772
39531
40131
39542
39505
39560
39536
39470
39558
39490
40055
39491
39563
40334
39679
39496
39526
50640
41936
39603
40338
39555
40533
44777
49694
44791
39493
39565
42077
39472
40413
41947
39534
49716
40431
39567
49713
50625
40537
39559
50719
39529
40425
39513
39476
44776
39500
39528
39503
39840
40429
39931
40535
39936
39554
39502
39611
40337
40053
39552
40427
39524
40333
51616
39778
39489
39562
44774
39883
40432
39602
39537
39492
39497
39499
39473
39601
39540
40335
39556
39882
44771
39530
39564
40331
39535
39557
39527
41944
44787
50717
39541
39561
40412
40066
50624
40070
39910
40430
40054
40423
39932
44848
51626
39477
40415
50641
49712
44790
40536
44788
49684
39514
41929
39568
39538
40529
40532
39495
40336
40530
44775
40424
44773
39543
39610
44789
40534
39539
39501
40428
49715
50707
40332
39498
39884
50631
39566
39870
39569
44770
41946
40433
40052
39509
39933
39474
44772
39531
40131
39542
39505
39560
39536
39470
39558
39490
40055
39491
52375
39563
40334
39679
39496
39526
50640
41936
39603
40338
39555
40533
44777
49694
44791
39493
39565
42077
39472
40413
