23997
36031
33557
25113
36237
26783
35424
11023
30046
29750
31015
7449
5369
17707
10992
29523
10275
6440
8918
7573
6399
11048
29611
23684
26395
11822
26764
12367
11367
22451
12373
6401
23685
26994
23113
32715
22231
22988
23326
22361
25110
24199
28437
22721
28261
29006
23119
28392
25111
17713
29561
6825
29545
8880
17748
22241
10120
34367
13240
28253
34368
17736
7437
22728
11820
28985
35440
30451
17192
12905
17191
8932
31017
6439
25793
17194
22325
29752
29614
35445
25101
7266
23404
17918
23110
22225
7436
31821
10277
6692
35420
24893
14959
36238
11031
7450
10727
24714
7571
22505
7821
35876
24759
24720
10278
25114
34407
23046
22230
22765
11028
6801
31014
8919
22224
24701
29131
22992
23408
23117
28362
11655
29612
29724
30234
23070
31857
26993
29168
22360
11175
7825
11823
33032
24046
11177
8881
24683
11821
33040
22911
25115
29613
23686
31013
7549
28959
27856
11162
30452
7438
18142
35493
14958
10261
25197
25878
6414
10725
22227
12495
28394
23349
34408
10116
29509
30027
17710
29122
22226
31822
25420
10726
23093
7435
26766
23598
7976
31016
6826
23369
22910
34127
29558
22317
23116
29140
26981
29844
17197
31012
7824
25581
7434
36131
13620
6693
23997
36031
33557
31028
36237
26783
35424
11023
30046
29750
30957
8921
31015
7449
5369
17707
10992
29523
10275
6440
30918
8918
7573
6399
11048
29611
23684
26395
11822
26764
12367
11367
22451
31036
12373
6401
23685
26994
23113
32715
22231
30898
22988
23326
22361
25110
24199
28437
22721
28261
29006
29334
23119
31035
28392
17713
29561
6825
29545
30995
8880
17748
22241
10120
31026
34367
13240
31021
28253
34368
17736
7437
22728
11820
28985
35440
30451
31038
17192
12905
17191
8932
31017
6439
25793
17194
22325
30373
29752
29614
35445
25101
7266
23404
17918
30954
23110
22225
7436
29338
31821
10277
6692
35420
31032
8920
24893
14959
30990
36238
11031
31024
7450
10727
24714
7571
8886
22505
7821
35876
25114
24759
24720
10278
34407
23046
22230
22765
11028
6801
31014
8919
22992
22224
24701
29131
23408
35447
23117
28362
11655
29612
29724
30234
23070
31029
31857
26993
29168
22360
31022
11175
7825
11823
33032
24046
11177
8881
24683
11821
33040
22911
29613
23686
31013
7549
28959
27856
11162
35444
30452
7438
18142
35493
14958
30212
10261
25197
25878
6414
10725
22227
12495
8916
31020
33158
28394
23349
10116
34408
29509
30376
17710
30027
29122
22226
31822
29847
25420
10726
23093
7435
26766
23598
7976
31016
6826
23369
22910
34127
29558
22317
29140
23116
26981
29844
17197
31012
25581
7824
7434
36131
13620
6693
23997
36031
33557
31028
25113
36237
26783
35424
11023
30046
28696
29750
30957
8921
31015
7449
5369
17707
10992
29523
10275
6440
30918
8918
7573
6399
11048
29611
23684
26395
11822
26764
12367
11367
22451
29169
31036
12373
6401
23685
26994
23113
32715
22231
30898
22988
23326
22361
25110
24199
28437
22721
28261
29006
29334
23119
31035
28392
25111
17713
29561
6825
29545
30995
8880
17748
22241
31026
34367
13240
31021
28253
34368
17736
7437
22728
11820
28985
35440
30451
31038
17192
12905
17191
8932
31017
6439
25793
17194
22325
30373
29752
29614
35445
25101
7266
23404
17918
30954
23110
22225
7436
29338
31821
10277
6692
35420
31032
8920
24893
14959
29332
30990
36238
11031
31024
7450
10727
24714
7571
8886
22505
7821
35876
25114
24759
24720
10278
34407
23046
22230
22765
11028
6801
8919
31014
22992
22224
24701
29131
23408
35447
29133
23117
28362
11655
29612
29724
30234
23070
31029
31857
26993
29168
22360
31022
11175
7825
11823
33032
24046
11177
8881
24683
11821
33040
22911
25115
29613
23686
31013
7549
28959
27856
11162
35444
30452
7438
29170
18142
35493
14958
30212
10261
25197
25878
6414
10725
22227
12495
8916
33158
28394
23349
29331
10116
34408
29509
30376
17710
30027
29122
22226
31822
29847
25420
23093
7435
26766
23598
7976
31016
6826
23369
22910
34127
29558
22317
29140
23116
26981
29844
17197
31012
25581
7824
7434
36131
13620
6693
23997
36031
33557
31028
25113
36237
26783
35424
11023
30046
28696
29750
30957
8921
31015
7449
5369
17707
10992
29523
10275
6440
30918
8918
7573
6399
11048
29611
23684
26395
11822
26764
12367
11367
22451
29169
31036
12373
6401
23685
26994
23113
32715
22231
30898
22988
23326
22361
25110
24199
28437
22721
28261
29006
29334
23119
31035
28392
25111
17713
29561
6825
29545
30995
8880
17748
22241
31026
34367
13240
31021
28253
34368
17736
7437
22728
11820
28985
35440
30451
31038
17192
12905
17191
8932
31017
6439
25793
17194
22325
30373
29752
29614
35445
25101
7266
23404
17918
30954
23110
22225
7436
29338
31821
10277
6692
35420
31032
8920
24893
14959
29332
30990
36238
11031
31024
7450
10727
24714
7571
8886
22505
7821
35876
25114
24759
24720
10278
34407
23046
22230
22765
11028
6801
8919
31014
22992
22224
24701
29131
23408
35447
29133
23117
28362
11655
29612
29724
30234
23070
31029
31857
26993
29168
22360
31022
11175
7825
11823
33032
24046
11177
8881
24683
11821
33040
22911
25115
29613
23686
31013
7549
28959
27856
11162
35444
30452
7438
29170
18142
35493
14958
30212
10261
25197
25878
6414
10725
22227
12495
8916
33158
28394
23349
29331
10116
34408
29509
30376
17710
30027
29122
22226
31822
29847
25420
23093
7435
26766
23598
7976
31016
6826
23369
22910
34127
29558
22317
29140
23116
26981
29844
17197
31012
25581
7824
7434
36131
13620
6693
31014
23598
23685
7976
29844
17713
31012
31013
31015
23997
36031
33557
25113
36237
26783
35424
11023
30046
29750
31015
7449
5369
17707
10992
29523
10275
6440
8918
7573
6399
11048
29611
23684
26395
11822
26764
12367
11367
22451
12373
6401
23685
26994
23113
32715
22231
22988
23326
22361
25110
24199
28437
22721
28261
29006
23119
28392
25111
17713
29561
6825
29545
8880
17748
22241
10120
34367
13240
28253
34368
17736
7437
22728
11820
28985
35440
30451
17192
12905
17191
8932
31017
6439
25793
17194
22325
29752
29614
35445
25101
7266
23404
17918
23110
22225
7436
31821
10277
6692
35420
24893
14959
36238
11031
7450
10727
24714
7571
22505
7821
35876
24759
24720
10278
25114
34407
23046
22230
22765
11028
6801
31014
8919
22224
24701
29131
22992
23408
23117
28362
11655
29612
29724
30234
23070
31857
26993
29168
22360
11175
7825
11823
33032
24046
11177
8881
24683
11821
33040
22911
25115
29613
23686
31013
7549
28959
27856
11162
30452
7438
18142
35493
14958
10261
25197
25878
6414
10725
22227
12495
28394
23349
34408
10116
29509
30027
17710
29122
22226
31822
25420
10726
23093
7435
26766
23598
7976
31016
6826
23369
22910
34127
29558
22317
23116
29140
26981
29844
17197
31012
7824
25581
7434
36131
13620
6693
23997
36031
33557
31028
36237
26783
35424
11023
30046
29750
30957
8921
31015
7449
5369
17707
10992
29523
10275
6440
8918
7573
6399
11048
29611
23684
26395
11822
26764
12367
11367
22451
12373
6401
23685
26994
23113
32715
22231
30898
22988
23326
22361
25110
24199
28437
22721
28261
29006
29334
23119
31035
28392
17713
29561
6825
29545
30995
8880
17748
22241
31026
34367
13240
31021
28253
34368
17736
7437
22728
11820
28985
35440
30451
31038
17192
12905
17191
8932
31017
6439
25793
17194
22325
30373
29752
29614
35445
25101
7266
23404
17918
30954
23110
22225
7436
29338
31821
10277
6692
35420
31032
8920
24893
14959
30990
36238
11031
31024
7450
10727
24714
7571
8886
22505
7821
35876
24759
24720
10278
25114
34407
23046
22230
22765
11028
6801
31014
8919
22992
22224
24701
29131
23408
35447
23117
28362
11655
29612
29724
30234
23070
31029
31857
26993
29168
22360
31022
11175
7825
11823
33032
24046
11177
8881
24683
11821
33040
22911
29613
23686
31013
7549
28959
27856
11162
35444
30452
7438
18142
35493
14958
30212
10261
25197
25878
6414
10725
22227
12495
8916
33158
28394
23349
10116
34408
29509
30376
17710
30027
29122
22226
31822
29847
25420
23093
7435
26766
23598
7976
31016
6826
23369
22910
34127
29558
22317
29140
23116
26981
29844
17197
31012
25581
7824
7434
36131
13620
6693
31014
23598
23685
7976
29844
17713
31012
31013
31015
31014
23598
23685
7976
29844
17713
31012
31013
31015
23997
36031
33557
31028
25113
36237
26783
35424
11023
30046
28696
29750
30957
8921
31015
7449
5369
17707
10992
29523
10275
6440
30918
8918
7573
6399
11048
29611
23684
26395
11822
26764
12367
11367
22451
29169
31036
12373
6401
23685
26994
23113
32715
22231
30898
22988
23326
22361
25110
24199
28437
22721
28261
29006
29334
23119
31035
28392
25111
17713
29561
6825
29545
30995
8880
17748
22241
31026
34367
13240
31021
28253
34368
17736
7437
22728
11820
28985
35440
30451
31038
17192
12905
17191
8932
31017
6439
25793
17194
22325
30373
29752
29614
35445
25101
7266
23404
17918
30954
23110
22225
7436
29338
31821
10277
6692
35420
31032
8920
24893
14959
29332
30990
36238
11031
31024
7450
10727
24714
7571
8886
22505
7821
35876
25114
24759
24720
10278
34407
23046
22230
22765
11028
6801
8919
31014
22992
22224
24701
29131
23408
35447
29133
23117
28362
11655
29612
29724
30234
23070
31029
31857
26993
29168
22360
31022
11175
7825
11823
33032
24046
11177
8881
24683
11821
33040
22911
25115
29613
23686
31013
7549
28959
27856
11162
35444
30452
7438
29170
18142
35493
14958
30212
10261
25197
25878
6414
10725
22227
12495
8916
33158
28394
23349
29331
10116
34408
29509
30376
17710
30027
29122
22226
31822
29847
25420
23093
7435
26766
23598
7976
31016
6826
23369
22910
34127
29558
22317
29140
23116
26981
29844
17197
31012
25581
7824
7434
36131
13620
6693
31014
23598
23685
7976
29844
17713
31012
31013
31015
31014
23598
23685
7976
29844
17713
31012
31013
31015
23997
36031
33557
25113
36237
26783
35424
11023
30046
29750
31015
7449
5369
17707
10992
29523
10275
6440
8918
7573
6399
11048
29611
23684
26395
11822
26764
12367
11367
22451
12373
6401
23685
26994
23113
32715
22231
22988
23326
22361
25110
24199
28437
22721
28261
29006
23119
28392
25111
17713
29561
6825
29545
8880
17748
22241
10120
34367
13240
28253
34368
17736
7437
22728
11820
28985
35440
30451
17192
12905
17191
8932
31017
6439
25793
17194
22325
29752
29614
35445
25101
7266
23404
17918
23110
22225
7436
31821
10277
6692
35420
24893
14959
36238
11031
7450
10727
24714
7571
22505
7821
35876
24759
24720
10278
25114
34407
23046
22230
22765
11028
6801
31014
8919
22224
24701
29131
22992
23408
23117
28362
11655
29612
29724
30234
23070
31857
26993
29168
22360
11175
7825
11823
33032
24046
11177
8881
24683
11821
33040
22911
25115
29613
23686
31013
7549
28959
27856
11162
30452
7438
18142
35493
14958
10261
25197
25878
6414
10725
22227
12495
28394
23349
34408
10116
29509
30027
17710
29122
22226
31822
25420
10726
23093
7435
26766
23598
7976
31016
6826
23369
22910
34127
29558
22317
23116
29140
26981
29844
17197
31012
7824
25581
7434
36131
13620
6693
23997
36031
33557
31028
36237
26783
35424
11023
30046
29750
30957
8921
31015
7449
5369
17707
10992
29523
10275
6440
8918
7573
6399
11048
29611
23684
26395
11822
26764
12367
11367
22451
12373
6401
23685
26994
23113
32715
22231
30898
22988
23326
22361
25110
24199
28437
22721
28261
29006
29334
23119
31035
28392
17713
29561
6825
29545
30995
8880
17748
22241
31026
34367
13240
31021
28253
34368
17736
7437
22728
11820
28985
35440
30451
31038
17192
12905
17191
8932
31017
6439
25793
17194
22325
30373
29752
29614
35445
25101
7266
23404
17918
30954
23110
22225
7436
29338
31821
10277
6692
35420
31032
8920
24893
14959
30990
36238
11031
31024
7450
10727
24714
7571
8886
22505
7821
35876
24759
24720
10278
25114
34407
23046
22230
22765
11028
6801
31014
8919
22992
22224
24701
29131
23408
35447
23117
28362
11655
29612
29724
30234
23070
31029
31857
26993
29168
22360
31022
11175
7825
11823
33032
24046
11177
8881
24683
11821
33040
22911
29613
23686
31013
7549
28959
27856
11162
35444
30452
7438
18142
35493
14958
30212
10261
25197
25878
6414
10725
22227
12495
8916
33158
28394
23349
10116
34408
29509
30376
17710
30027
29122
22226
31822
29847
25420
23093
7435
26766
23598
7976
31016
6826
23369
22910
34127
29558
22317
29140
23116
26981
29844
17197
31012
25581
7824
7434
36131
13620
6693
31014
23598
23685
7976
29844
17713
31012
31013
31015
23997
36031
33557
31028
25113
36237
26783
35424
11023
30046
28696
29750
30957
8921
31015
7449
5369
17707
10992
29523
10275
6440
30918
8918
7573
6399
11048
29611
23684
26395
11822
26764
12367
11367
22451
29169
31036
12373
6401
23685
26994
23113
32715
22231
30898
22988
23326
22361
25110
24199
28437
22721
28261
29006
29334
23119
31035
28392
25111
17713
29561
6825
29545
30995
8880
17748
22241
31026
34367
13240
31021
28253
34368
17736
7437
22728
11820
28985
35440
30451
31038
17192
12905
17191
8932
31017
6439
25793
17194
22325
30373
29752
29614
35445
25101
7266
23404
17918
30954
23110
22225
7436
29338
31821
10277
6692
35420
31032
8920
24893
14959
29332
30990
36238
11031
31024
7450
10727
24714
7571
8886
22505
7821
35876
25114
24759
24720
10278
34407
23046
22230
22765
11028
6801
8919
31014
22992
22224
24701
29131
23408
35447
29133
23117
28362
11655
29612
29724
30234
23070
31029
31857
26993
29168
22360
31022
11175
7825
11823
33032
24046
11177
8881
24683
11821
33040
22911
25115
29613
23686
31013
7549
28959
27856
11162
35444
30452
7438
29170
18142
35493
14958
30212
10261
25197
25878
6414
10725
22227
12495
8916
33158
28394
23349
29331
10116
34408
29509
30376
17710
30027
29122
22226
31822
29847
25420
23093
7435
26766
23598
7976
31016
6826
23369
22910
34127
29558
22317
29140
23116
26981
29844
17197
31012
25581
7824
7434
36131
13620
6693
31014
23598
23685
7976
29844
17713
31012
31013
31015
31014
23598
23685
7976
29844
17713
31012
31013
31015
23997
36031
33557
25113
36237
26783
35424
11023
30046
29750
31015
7449
5369
17707
10992
29523
10275
6440
8918
7573
6399
11048
29611
23684
26395
11822
26764
12367
11367
22451
12373
6401
23685
26994
23113
32715
22231
22988
23326
22361
25110
24199
28437
22721
28261
29006
23119
28392
25111
17713
29561
6825
29545
8880
17748
22241
10120
34367
13240
28253
34368
17736
7437
22728
11820
28985
35440
30451
17192
12905
17191
8932
31017
6439
25793
17194
22325
29752
29614
35445
25101
7266
23404
17918
23110
22225
7436
31821
10277
6692
35420
24893
14959
36238
11031
7450
10727
24714
7571
22505
7821
35876
24759
24720
10278
25114
34407
23046
22230
22765
11028
6801
31014
8919
22224
24701
29131
22992
23408
23117
28362
11655
29612
29724
30234
23070
31857
26993
29168
22360
11175
7825
11823
33032
24046
11177
8881
24683
11821
33040
22911
25115
29613
23686
31013
7549
28959
27856
11162
30452
7438
18142
35493
14958
10261
25197
25878
6414
10725
22227
12495
28394
23349
34408
10116
29509
30027
17710
29122
22226
31822
25420
10726
23093
7435
26766
23598
7976
31016
6826
23369
22910
34127
29558
22317
23116
29140
26981
29844
17197
31012
7824
25581
7434
36131
13620
6693
23997
36031
33557
31028
36237
26783
35424
11023
30046
29750
30957
8921
31015
7449
5369
17707
10992
29523
10275
6440
8918
7573
6399
11048
29611
23684
26395
11822
26764
12367
11367
22451
12373
6401
23685
26994
23113
32715
22231
30898
22988
23326
22361
25110
24199
28437
22721
28261
29006
29334
23119
31035
28392
17713
29561
6825
29545
30995
8880
17748
22241
31026
34367
13240
31021
28253
34368
17736
7437
22728
11820
28985
35440
30451
31038
17192
12905
17191
8932
31017
6439
25793
17194
22325
30373
29752
29614
35445
25101
7266
23404
17918
30954
23110
22225
7436
29338
31821
10277
6692
35420
31032
8920
24893
14959
30990
36238
11031
31024
7450
10727
24714
7571
8886
22505
7821
35876
24759
24720
10278
25114
34407
23046
22230
22765
11028
6801
31014
8919
22992
22224
24701
29131
23408
35447
23117
28362
11655
29612
29724
30234
23070
31029
31857
26993
29168
22360
31022
11175
7825
11823
33032
24046
11177
8881
24683
11821
33040
22911
29613
23686
31013
7549
28959
27856
11162
35444
30452
7438
18142
35493
14958
30212
10261
25197
25878
6414
10725
22227
12495
8916
33158
28394
23349
10116
34408
29509
30376
17710
30027
29122
22226
31822
29847
25420
23093
7435
26766
23598
7976
31016
6826
23369
22910
34127
29558
22317
29140
23116
26981
29844
17197
31012
25581
7824
7434
36131
13620
6693
31014
23598
23685
7976
29844
17713
31012
31013
31015
23997
36031
33557
31028
25113
36237
26783
35424
11023
30046
28696
29750
30957
8921
31015
7449
5369
17707
10992
29523
10275
6440
30918
8918
7573
6399
11048
29611
23684
26395
11822
26764
12367
11367
22451
29169
31036
12373
6401
23685
26994
23113
32715
22231
30898
22988
23326
22361
25110
24199
28437
22721
28261
29006
29334
23119
31035
28392
25111
17713
29561
6825
29545
30995
8880
17748
22241
31026
34367
13240
31021
28253
34368
17736
7437
22728
11820
28985
35440
30451
31038
17192
12905
17191
8932
31017
6439
25793
17194
22325
30373
29752
29614
35445
25101
7266
23404
17918
30954
23110
22225
7436
29338
31821
10277
6692
35420
31032
8920
24893
14959
29332
30990
36238
11031
31024
7450
10727
24714
7571
8886
22505
7821
35876
25114
24759
24720
10278
34407
23046
22230
22765
11028
6801
8919
31014
22992
22224
24701
29131
23408
35447
29133
23117
28362
11655
29612
29724
30234
23070
31029
31857
26993
29168
22360
31022
11175
7825
11823
33032
24046
11177
8881
24683
11821
33040
22911
25115
29613
23686
31013
7549
28959
27856
11162
35444
30452
7438
29170
18142
35493
14958
30212
10261
25197
25878
6414
10725
22227
12495
8916
33158
28394
23349
29331
10116
34408
29509
30376
17710
30027
29122
22226
31822
29847
25420
23093
7435
26766
23598
7976
31016
6826
23369
22910
34127
29558
22317
29140
23116
26981
29844
17197
31012
25581
7824
7434
36131
13620
6693
31014
23598
23685
7976
29844
17713
31012
31013
31015
31014
23598
23685
7976
29844
17713
31012
31013
31015
23997
36031
33557
25113
36237
26783
35424
11023
30046
29750
31015
7449
5369
17707
10992
29523
10275
6440
8918
7573
6399
11048
29611
23684
26395
11822
26764
12367
11367
22451
12373
6401
23685
26994
23113
32715
22231
22988
23326
22361
25110
24199
28437
22721
28261
29006
23119
28392
25111
17713
29561
6825
29545
8880
17748
22241
10120
34367
13240
28253
34368
17736
7437
22728
11820
28985
35440
30451
17192
12905
17191
8932
31017
6439
25793
17194
22325
29752
29614
35445
25101
7266
23404
17918
23110
22225
7436
31821
10277
6692
35420
24893
14959
36238
11031
7450
10727
24714
7571
22505
7821
35876
24759
24720
10278
25114
34407
23046
22230
22765
11028
6801
31014
8919
22224
24701
29131
22992
23408
23117
28362
11655
29612
29724
30234
23070
31857
26993
29168
22360
11175
7825
11823
33032
24046
11177
8881
24683
11821
33040
22911
25115
29613
23686
31013
7549
28959
27856
11162
30452
7438
18142
35493
14958
10261
25197
25878
6414
10725
22227
12495
28394
23349
34408
10116
29509
30027
17710
29122
22226
31822
25420
10726
23093
7435
26766
23598
7976
31016
6826
23369
22910
34127
29558
22317
23116
29140
26981
29844
17197
31012
7824
25581
7434
36131
13620
6693
23997
36031
33557
31028
36237
26783
35424
11023
30046
29750
30957
8921
31015
7449
5369
17707
10992
29523
10275
6440
8918
7573
6399
11048
29611
23684
26395
11822
26764
12367
11367
22451
12373
6401
23685
26994
23113
32715
22231
30898
22988
23326
22361
25110
24199
28437
22721
28261
29006
29334
23119
31035
28392
17713
29561
6825
29545
30995
8880
17748
22241
31026
34367
13240
31021
28253
34368
17736
7437
22728
11820
28985
35440
30451
31038
17192
12905
17191
8932
31017
6439
25793
17194
22325
30373
29752
29614
35445
25101
7266
23404
17918
30954
23110
22225
7436
29338
31821
10277
6692
35420
31032
8920
24893
14959
30990
36238
11031
31024
7450
10727
24714
7571
8886
22505
7821
35876
24759
24720
10278
25114
34407
23046
22230
22765
11028
6801
31014
8919
22992
22224
24701
29131
23408
35447
23117
28362
11655
29612
29724
30234
23070
31029
31857
26993
29168
22360
31022
11175
7825
11823
33032
24046
11177
8881
24683
11821
33040
22911
29613
23686
31013
7549
28959
27856
11162
35444
30452
7438
18142
35493
14958
30212
10261
25197
25878
6414
10725
22227
12495
8916
33158
28394
23349
10116
34408
29509
30376
17710
30027
29122
22226
31822
29847
25420
23093
7435
26766
23598
7976
31016
6826
23369
22910
34127
29558
22317
29140
23116
26981
29844
17197
31012
25581
7824
7434
36131
13620
6693
31014
23598
23685
7976
29844
17713
31012
31013
31015
36031
17918
23110
29168
31016
24759
30212
25197
22765
22227
14959
23116
24701
22224
10116
31012
31013
7549
13620
27856
31014
23598
23685
7976
29844
17713
31012
31013
31015
23997
36031
25113
36237
26783
30046
29750
31015
7449
5369
17707
10992
29523
10275
6440
8918
7573
11048
29611
23684
26395
11822
26764
12367
11367
22451
12373
23685
26994
23113
32715
22231
22988
23326
22361
25110
24199
28437
22721
28261
29006
23119
28392
25111
17713
29561
6825
29545
8880
17748
22241
10120
34367
13240
34368
17736
7437
22728
28985
35440
30451
17192
17191
8932
31017
25793
22325
29752
29614
35445
25101
7266
23404
17918
23110
22225
7436
31821
10277
6692
35420
24893
14959
36238
11031
7450
10727
24714
22505
7821
24759
24720
10278
25114
34407
23046
22765
11028
6801
31014
8919
22224
24701
29131
22992
23408
23117
28362
11655
29612
29724
30234
23070
31857
29168
22360
11175
7825
11823
24046
11177
24683
33040
22911
25115
29613
31013
7549
27856
11162
30452
7438
18142
35493
14958
10261
25197
25878
6414
10725
22227
12495
28394
23349
34408
10116
29509
30027
17710
29122
31822
25420
10726
23093
7435
26766
23598
7976
31016
6826
23369
22910
34127
29558
22317
23116
29140
26981
29844
17197
31012
7824
25581
36131
13620
6693
23997
36031
33557
31028
36237
26783
35424
11023
30046
29750
30957
8921
31015
7449
5369
17707
10992
29523
10275
6440
8918
7573
6399
11048
29611
23684
26395
11822
26764
12367
11367
22451
12373
6401
23685
26994
23113
32715
22231
30898
22988
23326
22361
25110
24199
28437
22721
28261
29006
29334
23119
31035
28392
17713
29561
6825
29545
30995
8880
17748
22241
31026
34367
13240
31021
28253
34368
17736
7437
22728
11820
28985
35440
30451
31038
17192
12905
17191
8932
31017
6439
25793
17194
22325
30373
29752
29614
35445
25101
7266
23404
17918
30954
23110
22225
7436
29338
31821
10277
6692
35420
31032
8920
24893
14959
30990
36238
11031
31024
7450
10727
24714
7571
8886
22505
7821
35876
24759
24720
10278
25114
34407
23046
22230
22765
11028
6801
31014
8919
22992
22224
24701
29131
23408
35447
23117
28362
11655
29612
29724
30234
23070
31029
31857
26993
29168
22360
31022
11175
7825
11823
33032
24046
11177
8881
24683
11821
33040
22911
23686
31013
7549
28959
27856
11162
35444
30452
7438
18142
35493
14958
30212
10261
25197
25878
6414
10725
22227
12495
8916
33158
28394
23349
10116
34408
29509
30376
17710
30027
29122
22226
31822
29847
25420
23093
7435
26766
23598
7976
31016
6826
23369
22910
34127
29558
22317
29140
23116
26981
29844
17197
31012
25581
7824
7434
36131
13620
6693
31014
23598
23685
7976
29844
17713
31012
31013
31015
23997
36031
33557
31028
25113
36237
26783
35424
11023
30046
28696
29750
30957
8921
31015
7449
5369
17707
10992
29523
10275
6440
30918
8918
7573
6399
11048
29611
23684
26395
11822
26764
12367
11367
22451
29169
31036
12373
6401
23685
26994
23113
32715
22231
30898
22988
23326
22361
25110
24199
28437
22721
28261
29006
29334
23119
31035
28392
25111
17713
29561
6825
29545
30995
8880
17748
22241
31026
34367
13240
31021
28253
34368
17736
7437
22728
11820
28985
35440
30451
31038
17192
12905
17191
8932
31017
6439
25793
17194
22325
30373
29752
29614
35445
25101
7266
23404
17918
30954
23110
22225
7436
29338
31821
10277
6692
35420
31032
8920
24893
14959
29332
30990
36238
11031
31024
7450
10727
24714
7571
8886
22505
7821
35876
25114
24759
24720
10278
34407
23046
22230
22765
11028
6801
8919
31014
22992
22224
24701
29131
23408
35447
29133
23117
28362
11655
29612
29724
30234
23070
31029
31857
26993
29168
22360
31022
11175
7825
11823
33032
24046
11177
8881
24683
11821
33040
22911
25115
29613
23686
31013
7549
28959
27856
11162
35444
30452
7438
29170
18142
35493
14958
30212
10261
25197
25878
6414
10725
22227
12495
8916
33158
28394
23349
29331
10116
34408
29509
30376
17710
30027
29122
22226
31822
29847
25420
23093
7435
26766
23598
7976
31016
6826
23369
22910
34127
29558
22317
29140
23116
26981
29844
17197
31012
25581
7824
7434
36131
13620
6693
31014
23598
23685
7976
29844
17713
31012
31013
31015
31014
23598
23685
7976
29844
17713
31012
31013
31015
31014
23598
7976
23685
29844
17713
31012
31013
31015
23997
36031
33557
25113
36237
26783
35424
11023
30046
29750
31015
7449
5369
17707
10992
29523
10275
6440
8918
7573
6399
11048
29611
23684
26395
11822
26764
12367
11367
22451
12373
6401
23685
26994
23113
32715
22231
22988
23326
22361
25110
24199
28437
22721
28261
29006
23119
28392
25111
17713
29561
6825
29545
8880
17748
22241
10120
34367
13240
28253
34368
17736
7437
22728
11820
28985
35440
30451
17192
12905
17191
8932
31017
6439
25793
17194
22325
29752
29614
35445
25101
7266
23404
17918
23110
22225
7436
31821
10277
6692
35420
24893
14959
36238
11031
7450
10727
24714
7571
22505
7821
35876
24759
24720
10278
25114
34407
23046
22230
22765
11028
6801
31014
8919
22224
24701
29131
22992
23408
23117
28362
11655
29612
29724
30234
23070
31857
26993
29168
22360
11175
7825
11823
33032
24046
11177
8881
24683
11821
33040
22911
25115
29613
23686
31013
7549
28959
27856
11162
30452
7438
18142
35493
14958
10261
25197
25878
6414
10725
22227
12495
28394
23349
34408
10116
29509
30027
17710
29122
22226
31822
25420
10726
23093
7435
26766
23598
7976
31016
6826
23369
22910
34127
29558
22317
23116
29140
26981
29844
17197
31012
7824
25581
7434
36131
13620
6693
23997
29170
22505
18142
10278
23046
22765
22230
22227
10725
17736
22728
29523
17707
17192
22992
10275
23408
17191
23349
23117
29331
17710
29122
23070
22226
35445
10726
23404
23093
22451
29168
23110
22225
23598
22360
23685
23113
32715
22231
22988
23369
22361
10277
23326
22721
22317
24046
23116
29140
29006
24683
23119
17713
17197
10727
23686
17748
22241
23997
29170
22505
18142
10278
23046
22765
22230
22227
10725
17736
22728
29523
17707
17192
22992
10275
23408
17191
23349
23117
29331
17710
29122
23070
22226
35445
10726
23404
23093
22451
29168
23110
22225
23598
22360
23685
23113
32715
22231
22988
23369
22361
10277
23326
22721
22317
24046
23116
29140
29006
24683
23119
17713
17197
10727
23686
17748
22241
23997
29170
22505
18142
10278
23046
22765
22230
22227
10725
17736
22728
29523
17707
17192
22992
10275
23408
17191
23349
23117
29331
17710
29122
23070
22226
35445
10726
23404
23093
22451
29168
23110
22225
23598
22360
23685
23113
32715
22231
22988
23369
22361
10277
23326
22721
22317
24046
23116
29140
29006
24683
23119
17713
17197
10727
23686
17748
22241
8916
8919
6801
8881
8886
6401
8918
6399
8921
6414
7434
5369
8920
8880
23997
36031
33557
31028
36237
26783
35424
11023
30046
29750
30957
8921
31015
7449
5369
17707
10992
29523
10275
6440
8918
7573
6399
11048
29611
23684
26395
11822
26764
12367
11367
22451
12373
6401
23685
26994
23113
32715
22231
30898
22988
23326
22361
25110
24199
28437
22721
28261
29006
29334
23119
31035
28392
17713
29561
6825
29545
30995
8880
17748
22241
31026
34367
13240
31021
28253
34368
17736
7437
22728
11820
28985
35440
30451
31038
17192
12905
17191
8932
31017
6439
25793
17194
22325
30373
29752
29614
35445
25101
7266
23404
17918
30954
23110
22225
7436
29338
31821
10277
6692
35420
31032
8920
24893
14959
30990
36238
11031
31024
7450
10727
24714
7571
8886
22505
7821
35876
24759
24720
10278
25114
34407
23046
22230
22765
11028
6801
31014
8919
22992
22224
24701
29131
23408
35447
23117
28362
11655
29612
29724
30234
23070
31029
31857
26993
29168
22360
31022
11175
7825
11823
33032
24046
11177
8881
24683
11821
33040
22911
23686
31013
7549
28959
27856
11162
35444
30452
7438
18142
35493
14958
30212
10261
25197
25878
6414
10725
22227
12495
8916
33158
28394
23349
10116
34408
29509
30376
17710
30027
29122
22226
31822
29847
25420
23093
7435
26766
23598
7976
31016
6826
23369
22910
34127
29558
22317
29140
23116
26981
29844
17197
31012
25581
7824
7434
36131
13620
6693
31014
23598
23685
7976
29844
17713
31012
31013
31015
23997
36031
33557
31028
25113
36237
26783
35424
11023
30046
28696
29750
30957
8921
31015
7449
5369
17707
10992
29523
10275
6440
30918
8918
7573
6399
11048
29611
23684
26395
11822
26764
12367
11367
22451
29169
31036
12373
6401
23685
26994
23113
32715
22231
30898
22988
23326
22361
25110
24199
28437
22721
28261
29006
29334
23119
31035
28392
25111
17713
29561
6825
29545
30995
8880
17748
22241
31026
34367
13240
31021
28253
34368
17736
7437
22728
11820
28985
35440
30451
31038
17192
12905
17191
8932
31017
6439
25793
17194
22325
30373
29752
29614
35445
25101
7266
23404
17918
30954
23110
22225
7436
29338
31821
10277
6692
35420
31032
8920
24893
14959
29332
30990
36238
11031
31024
7450
10727
24714
7571
8886
22505
7821
35876
25114
24759
24720
10278
34407
23046
22230
22765
11028
6801
8919
31014
22992
22224
24701
29131
23408
35447
29133
23117
28362
11655
29612
29724
30234
23070
31029
31857
26993
29168
22360
31022
11175
7825
11823
33032
24046
11177
8881
24683
11821
33040
22911
25115
29613
23686
31013
7549
28959
27856
11162
35444
30452
7438
29170
18142
35493
14958
30212
10261
25197
25878
6414
10725
22227
12495
8916
33158
28394
23349
29331
10116
34408
29509
30376
17710
30027
29122
22226
31822
29847
25420
23093
7435
26766
23598
7976
31016
6826
23369
22910
34127
29558
22317
29140
23116
26981
29844
17197
31012
25581
7824
7434
36131
13620
6693
31014
23598
23685
7976
29844
17713
31012
31013
31015
31014
23598
23685
7976
29844
17713
31012
31013
31015
31014
23598
7976
23685
29844
17713
31012
31013
31015
23997
36031
33557
25113
36237
26783
35424
11023
30046
29750
31015
7449
5369
17707
10992
29523
10275
6440
8918
7573
6399
11048
29611
23684
26395
11822
26764
12367
11367
22451
12373
6401
23685
26994
23113
32715
22231
22988
23326
22361
25110
24199
28437
22721
28261
29006
23119
28392
25111
17713
29561
6825
29545
8880
17748
22241
10120
34367
13240
28253
34368
17736
7437
22728
11820
28985
35440
30451
17192
12905
17191
8932
31017
6439
25793
17194
22325
29752
29614
35445
25101
7266
23404
17918
23110
22225
7436
31821
10277
6692
35420
24893
14959
36238
11031
7450
10727
24714
7571
22505
7821
35876
24759
24720
10278
25114
34407
23046
22230
22765
11028
6801
31014
8919
22224
24701
29131
22992
23408
23117
28362
11655
29612
29724
30234
23070
31857
26993
29168
22360
11175
7825
11823
33032
24046
11177
8881
24683
11821
33040
22911
25115
29613
23686
31013
7549
28959
27856
11162
30452
7438
18142
35493
14958
10261
25197
25878
6414
10725
22227
12495
28394
23349
34408
10116
29509
30027
17710
29122
22226
31822
25420
10726
23093
7435
26766
23598
7976
31016
6826
23369
22910
34127
29558
22317
23116
29140
26981
29844
17197
31012
7824
25581
7434
36131
13620
6693
23997
29170
22505
18142
10278
23046
22765
22230
22227
10725
17736
22728
29523
17707
17192
22992
10275
23408
17191
23349
23117
29331
17710
29122
23070
22226
35445
10726
23404
23093
22451
29168
23110
22225
23598
22360
23685
23113
32715
22231
22988
23369
22361
10277
23326
22721
22317
24046
23116
29140
29006
24683
23119
17713
17197
10727
23686
17748
22241
23997
29170
22505
18142
10278
23046
22765
22230
22227
10725
17736
22728
29523
17707
17192
22992
10275
23408
17191
23349
23117
29331
17710
29122
23070
22226
35445
10726
23404
23093
22451
29168
23110
22225
23598
22360
23685
23113
32715
22231
22988
23369
22361
10277
23326
22721
22317
24046
23116
29140
29006
24683
23119
17713
17197
10727
23686
17748
22241
23997
29170
22505
18142
10278
23046
22765
22230
22227
10725
17736
22728
29523
17707
17192
22992
10275
23408
17191
23349
23117
29331
17710
29122
23070
22226
35445
10726
23404
23093
22451
29168
23110
22225
23598
22360
23685
23113
32715
22231
22988
23369
22361
10277
23326
22721
22317
24046
23116
29140
29006
24683
23119
17713
17197
10727
23686
17748
22241
8916
8919
6801
8881
8886
6401
8918
6399
8921
6414
7434
5369
8920
8880
23997
36031
33557
31028
36237
26783
35424
11023
30046
29750
30957
8921
31015
7449
5369
17707
10992
29523
10275
6440
8918
7573
6399
11048
29611
23684
26395
11822
26764
12367
11367
22451
12373
6401
23685
26994
23113
32715
22231
30898
22988
23326
22361
25110
24199
28437
22721
28261
29006
29334
23119
31035
28392
17713
29561
6825
29545
30995
8880
17748
22241
31026
34367
13240
31021
28253
34368
17736
7437
22728
11820
28985
35440
30451
31038
17192
12905
17191
8932
31017
6439
25793
17194
22325
30373
29752
29614
35445
25101
7266
23404
17918
30954
23110
22225
7436
29338
31821
10277
6692
35420
31032
8920
24893
14959
30990
36238
11031
31024
7450
10727
24714
7571
8886
22505
7821
35876
24759
24720
10278
25114
34407
23046
22230
22765
11028
6801
31014
8919
22992
22224
24701
29131
23408
35447
23117
28362
11655
29612
29724
30234
23070
31029
31857
26993
29168
22360
31022
11175
7825
11823
33032
24046
11177
8881
24683
11821
33040
22911
23686
31013
7549
28959
27856
11162
35444
30452
7438
18142
35493
14958
30212
10261
25197
25878
6414
10725
22227
12495
8916
33158
28394
23349
10116
34408
29509
30376
17710
30027
29122
22226
31822
29847
25420
23093
7435
26766
23598
7976
31016
6826
23369
22910
34127
29558
22317
29140
23116
26981
29844
17197
31012
25581
7824
7434
36131
13620
6693
31014
23598
23685
7976
29844
17713
31012
31013
31015
