24189
26061
4544
8010
30614
42345
48617
18380
35907
7791
37205
5818
4336
7707
33919
18471
18771
24014
50195
34422
32542
19478
4340
11902
19485
3752
18556
24578
7114
34429
15132
44074
17523
28255
3065
18838
1430
2406
27682
9381
3042
7019
11379
28298
10657
11898
31336
27969
42346
38976
24200
5146
26070
31541
25896
33942
2843
2699
27175
6812
21132
31342
31940
31707
11965
31626
12964
1429
21316
6204
32719
17245
27031
4302
27163
11386
3836
3064
50445
26168
18469
12966
34210
17525
4335
23946
7790
36543
38975
37140
4337
17286
41310
7706
30691
11496
3045
5978
31543
12965
18837
27867
11896
44055
31382
35905
28256
11555
45506
29363
32539
32188
4463
28741
4339
19807
26169
9380
3627
6201
1473
21317
11903
41320
34536
11895
31265
17238
50194
27174
18468
11724
12963
24039
3749
11497
11235
31925
2405
17231
1321
4646
31335
19562
12971
4330
18765
18246
6810
7784
15378
28048
27970
30241
15922
37203
11387
8013
18770
3063
17521
43752
1129
18836
11556
44169
11636
18376
39056
27712
38350
12969
31544
11558
3044
35904
4464
19823
4304
34152
12497
7526
14829
31933
31511
31056
18768
6009
26795
3626
18473
41311
10656
38974
3838
1414
1855
18184
31601
34416
19256
3171
31602
10664
43886
39427
50325
19534
11897
33677
7523
11900
37106
31535
5812
7793
23927
23727
26900
12784
17234
45504
7016
7166
33683
15795
1420
34168
28100
45505
5980
38357
5819
17408
8012
2695
33924
9092
27773
18769
18901
19592
39033
11768
34322
15131
13913
6813
11573
35879
24038
31938
1413
18772
18244
15924
31364
13480
27152
3458
19822
12970
42943
31545
17524
31932
12314
42938
4301
48616
3755
3377
1409
13694
38973
7524
6202
10665
34323
8002
31927
25895
11231
8011
11901
7018
28295
25851
44819
5811
18375
39048
26797
3837
18470
40408
4320
11381
3103
34211
50444
18185
34167
39749
18835
3840
11557
19806
25817
3583
8009
8004
50449
11894
15782
33310
35878
12501
42942
7877
19818
12499
19826
7698
17411
43885
23945
31604
11899
16754
31562
18251
44818
1476
18245
11377
18475
17296
33923
6807
35882
31341
3131
52382
31708
4576
31546
3129
12315
3178
29171
21714
50200
3133
28903
31600
31935
11267
7702
10666
3756
48618
2233
15784
44820
17232
1127
7792
4543
7014
41312
17520
11250
50207
6016
6937
31538
18898
17527
24645
50216
19819
4333
5814
26799
31930
12500
24071
30917
17410
18478
2495
5815
6015
14742
18776
21161
41687
16510
2374
19817
12498
13914
4645
21138
35908
9384
32540
24572
8001
44817
30240
18377
18472
11498
34417
3645
31540
32272
2139
23897
3842
32716
15783
26174
18479
10667
18834
838
43765
13915
3132
34308
10658
17489
35223
17409
7525
33240
28953
24190
2373
36234
2269
7015
31124
31539
5813
39224
34473
26231
48615
3182
1720
7700
16752
7794
28257
1432
27613
25890
50208
6935
4322
43753
5159
28861
3841
3177
50447
17526
3988
9379
18242
6061
11904
34114
18243
11764
21159
33676
24037
18891
31611
26767
3407
26519
26175
18379
4927
18477
3539
18766
12785
9538
12968
16753
11233
19825
6014
38970
32717
44072
27679
1137
33921
42941
3278
18474
4679
6938
44170
4341
5817
11889
49034
3754
27173
17522
6013
3376
50205
1431
8003
3751
8006
3687
31710
2700
50196
23532
31941
17295
36926
33922
31337
31338
18833
31542
17488
37197
18241
43751
11234
23237
11765
32606
42334
19820
39057
2702
13494
9391
23575
28904
31706
11378
11582
16494
35906
18378
3625
33311
28905
27164
31060
16351
32718
18476
4644
31506
18767
17233
33242
2498
3759
3174
28860
31928
9382
38977
4332
44718
11635
24646
39223
4693
2368
24036
33920
27723
25889
24189
26061
4544
8010
30614
42345
48617
18380
35907
7791
37205
5818
4336
7707
33919
18471
18771
24014
50195
34422
32542
19478
4340
11902
19485
3752
18556
24578
7114
34429
15132
44074
17523
28255
3065
18838
1430
2406
27682
9381
3042
7019
11379
28298
10657
11898
31336
27969
42346
38976
24200
5146
26070
31541
25896
33942
2843
2699
27175
6812
21132
31342
31940
31707
11965
31626
12964
1429
21316
6204
32719
17245
27031
4302
27163
11386
3836
3064
50445
26168
18469
12966
34210
17525
4335
23946
7790
36543
38975
37140
4337
11380
17286
41310
7706
30691
11496
3045
5978
31543
12965
18837
27867
11896
44055
31382
35905
28256
11555
45506
29363
32539
32188
4463
28741
4339
19807
26169
9380
3627
6201
1473
21317
11903
41320
34536
11895
31265
17238
50194
27174
18468
11724
12963
24039
3749
11497
11235
31925
2405
17231
1321
4646
31335
19562
12971
4330
18765
18246
6810
7784
15378
28048
27970
30241
15922
3399
37203
11387
8013
18770
3063
17521
43752
1129
18836
11556
44169
11636
18376
39056
27712
38350
12969
31544
11558
3044
35904
4464
19823
4304
34152
12497
7526
14829
31933
31511
31056
18768
6009
26795
3626
18473
41311
10656
38974
3838
1414
1855
18184
31601
34416
19256
3171
31602
10664
43886
39427
50325
19534
11897
33677
7523
11900
37106
31535
5812
7793
23927
23727
26900
12784
17234
45504
7016
7166
33683
15795
1420
34168
28100
5980
38357
5819
17408
8012
2695
33924
9092
27773
18769
18901
19592
39033
11768
34322
15131
13913
6813
11573
35879
24038
31938
1413
18772
18244
15924
31364
13480
27152
3458
19822
12970
42943
31545
17524
31932
12314
42938
4301
48616
3755
3377
1409
13694
38973
7524
6202
10665
34323
8002
31927
25895
11231
8011
11901
7018
28295
25851
44819
5811
18375
39048
26797
3837
18470
40408
4320
11381
3103
34211
50444
18185
34167
39749
18835
3840
11557
19806
25817
3583
8009
8004
50449
11894
15782
33310
35878
12501
42942
7877
19818
12499
19826
7698
17411
43885
23945
31604
11899
16754
31562
18251
44818
1476
18245
11377
18475
17296
33923
6807
35882
31341
3131
52382
31708
4576
31546
3129
12315
3178
29171
21714
50200
3133
28903
31600
31935
11267
7702
10666
3756
48618
2233
15784
44820
17232
1127
7792
4543
7014
41312
17520
11250
50207
6016
6937
31538
18898
17527
24645
50216
19819
4333
5814
26799
31930
12500
24071
30917
17410
18478
2495
5815
6015
14742
18776
21161
41687
16510
2374
19817
12498
13914
4645
21138
35908
9384
32540
24572
8001
44817
30240
18377
18472
11498
34417
3645
31540
32272
23897
2139
3842
32716
15783
26174
18479
10667
18834
838
43765
13915
3132
34308
10658
17489
35223
17409
7525
33240
28953
24190
2373
36234
2269
7015
31124
31539
5813
39224
34473
26231
48615
3182
1720
7700
16752
7794
28257
1432
27613
25890
50208
6935
4322
43753
5159
28861
7709
3841
3177
50447
17526
3988
9379
18242
6061
11904
34114
18243
11764
21159
33676
24037
18891
31611
26767
3407
26519
26175
18379
4927
18477
3539
18766
12785
9538
12968
16753
11233
19825
6014
38970
32717
44072
27679
1137
33921
42941
3278
18474
4679
6938
44170
4341
5817
11889
49034
3754
27173
17522
6013
3376
50205
1431
8003
3751
8006
3687
31710
2700
50196
23532
31941
17295
36926
33922
31337
31338
18833
31542
17488
37197
18241
43751
11234
23237
11765
32606
42334
19820
39057
2702
13494
9391
23575
28904
31706
11378
11582
16494
35906
18378
3625
33311
28905
27164
31060
16351
32718
18476
4644
31506
18767
17233
33242
2498
3759
3174
28860
31928
9382
38977
4332
44718
11635
24646
39223
4693
2368
24036
33920
27723
25889
24189
26061
4544
8010
42345
48617
49996
18380
35907
7791
37205
58178
5818
4336
58491
7707
33919
58736
18471
18771
62587
24014
50195
34422
32542
19478
58169
4340
11902
19485
3752
18556
24578
7114
34429
44074
17523
28255
62582
3065
18838
1430
2406
27682
9381
31577
3042
7019
11379
28298
11898
31336
27969
38976
24200
5146
26070
31541
25896
33942
2843
51449
2699
27175
6812
21132
31342
31940
31707
11965
12964
1429
21316
6204
32719
62157
17245
27031
58488
57910
4302
19728
27163
11386
3836
3064
50445
26168
61721
18469
57923
12966
34210
17525
4335
23946
58179
7790
58489
36543
38975
37140
4337
11380
17286
41310
7706
30691
11496
3045
5978
36123
39460
58490
57913
31543
12965
18837
27867
11896
44055
31382
53070
35905
28256
11555
45506
57914
51340
29363
32539
32188
4463
28741
4339
62586
19807
51471
26169
9380
3627
62583
6201
1473
21317
11903
41320
34536
11895
31265
17238
50194
27174
62498
18468
11724
62158
12963
3749
24039
11497
11235
31925
2405
17231
48614
4646
31335
36124
19562
58171
12971
4330
18765
18246
6810
7784
15378
28048
27970
30241
15922
3399
37203
11387
49997
8013
18770
62421
3063
17521
1129
18836
11556
44169
11636
18376
39056
27712
52407
38350
12969
31544
11558
3044
35904
4464
19823
4304
34152
12497
51445
7526
14829
57894
31933
31056
62588
18768
6009
26795
3626
18473
41311
10656
38974
3838
1414
1855
58167
18184
31601
34416
4235
19256
58737
3171
31602
10664
43886
39427
50325
19534
11897
33677
7523
11900
49998
37106
31535
5812
7793
23927
23727
26900
12784
17234
45504
7016
7166
33683
58493
15795
1420
34168
28100
45505
5980
38357
5819
17408
8012
2695
33924
9092
49992
18769
27773
57911
18901
19592
39033
11768
58487
34322
15131
13913
6813
11573
35879
24038
31938
1413
18772
18244
39579
15924
31364
13480
58170
27152
3458
19822
58166
51466
12970
42943
31545
17524
31932
12314
4301
48616
3755
3377
13694
57906
38973
7524
6202
10665
31813
62584
34323
8002
31927
25895
11231
8011
11901
7018
49999
58177
28295
25851
44819
5811
18375
39048
52395
26797
3837
18470
53512
40408
4320
11381
58738
3103
62277
60687
34211
50444
18185
58735
34167
39749
23576
18835
3840
58492
11557
19806
25817
58180
3583
8009
8004
50449
62125
11894
15782
53484
33310
35878
12501
42942
7877
19818
12499
19826
7698
17411
43885
23945
48613
31604
11899
49993
16754
44818
1476
18245
11377
18475
17296
33923
6807
35882
3131
31341
52382
31708
4576
31546
3129
52483
12315
29171
3178
50200
21714
3133
28903
31935
6007
11267
7702
10666
3756
48618
2233
15784
17232
52581
1127
7792
41312
7014
17520
11250
50207
6016
31538
18898
17527
24645
50216
19819
4333
51443
5814
26799
31930
12500
24071
30917
17410
18478
2495
5815
62122
6015
14742
18776
21161
41687
16510
52384
2374
19817
12498
13914
4645
31340
21138
35908
62590
9384
51467
32540
24572
8001
11232
52408
30240
18377
18472
11498
34417
3645
31540
32272
23897
2139
3842
32716
15783
26174
18479
10667
18834
838
43765
13915
3132
34308
10658
58505
17489
35223
17409
7525
33240
28953
24190
2373
36234
2269
7015
3179
31124
31539
57940
5813
39224
34473
26231
48615
3182
1720
7700
16752
7794
28257
62416
1432
27613
25890
50197
50208
6935
4322
43753
5159
28861
7709
3841
3177
17526
3988
9379
18242
6061
62159
11904
53521
34114
18243
11764
53506
51453
39597
21159
33676
24037
31611
18891
26767
3407
53520
31599
26519
26175
58168
4927
18477
3539
18766
12785
58503
9538
12968
16753
11233
51448
19825
6014
51469
38970
32717
57912
44072
27679
1137
33921
42941
3278
18474
4679
6938
44170
4341
5817
11889
49034
3754
58504
27173
17522
6013
3376
50205
3751
8003
1431
8006
3687
58739
31710
2700
50196
23532
31941
17295
36926
33922
48611
31337
31338
18833
31542
17488
37197
18241
11234
23237
53261
11765
42334
39057
19820
2702
13494
9391
62497
23575
28904
31706
11378
11582
16494
35906
18378
33311
3625
35881
59400
49995
28905
31060
16351
32718
18476
4644
31506
18767
17233
2498
48612
52580
33242
3174
3759
28860
31928
57945
9382
38977
62123
36949
4332
44718
24646
11635
39223
52409
4693
2368
24036
33920
27723
25889
24189
26061
4544
8010
42345
18380
35907
7791
37205
5818
4336
7707
33919
18471
18771
24014
50195
34422
32542
19478
4340
11902
19485
3752
18556
24578
7114
34429
15132
17523
28255
3065
18838
1430
2406
27682
9381
31577
3042
7019
11379
28298
10657
11898
31336
27969
42346
38976
24200
5146
26070
31541
25896
33942
2843
2699
27175
6812
21132
31342
31940
31707
11965
12964
1429
21316
6204
32719
17245
27031
4302
27163
11386
3836
3064
26168
18469
12966
34210
17525
4335
23946
7790
36543
38975
37140
4337
11380
17286
41310
7706
30691
11496
3045
5978
36123
31543
12965
18837
27867
11896
31382
35905
28256
11555
45506
29363
32539
32188
4463
28741
4339
19807
26169
9380
3627
3176
6201
39939
1473
21317
11903
41320
34536
11895
31265
17238
27174
18468
11724
12963
24039
3749
11497
11235
31925
2405
17231
1321
4646
31335
36124
26490
19562
12971
4330
18765
18246
6810
7784
15378
28048
27970
30241
15922
3399
37203
11387
8013
18770
3063
17521
1129
18836
11556
11636
18376
39056
27712
38350
12969
31544
11558
3044
35904
4464
19823
4304
34152
12497
7526
14829
31933
31056
18768
6009
26795
3626
18473
41311
10656
38974
3838
1414
1855
18184
31601
34416
4235
19256
3171
31602
10664
43886
39427
19534
11897
33677
7523
11900
37106
31535
5812
7793
23927
23727
26900
12784
17234
45504
7016
7166
33683
15795
1420
34168
28100
45505
5980
38357
5819
17408
8012
2695
33924
9092
27773
18769
18901
19592
39033
11768
34322
15131
13913
6813
11573
35879
24038
31938
1413
18772
18244
15924
31364
13480
27152
3458
19822
12970
31545
17524
31932
12314
4301
3755
3377
13694
38973
7524
6202
10665
34323
8002
31927
25895
11231
8011
11901
7018
28295
25851
5811
18375
39048
26797
3837
18470
40408
4320
11381
3103
34211
18185
34167
39749
23576
18835
3840
11557
19806
25817
2304
3583
8009
8004
11894
15782
33310
35878
12501
7877
19818
12499
19826
7698
17411
43885
23945
31604
11899
16754
31562
18251
1476
18245
11377
18475
17296
33923
6807
35882
31341
3131
52382
31708
4576
31546
3129
12315
3178
29171
21714
3133
28903
31600
31935
6007
11267
7702
10666
3756
2233
15784
17232
26493
1127
7792
4543
7014
41312
17520
11250
6016
6937
31538
18898
17527
24645
50216
19819
4333
5814
26799
12500
31930
24071
30917
17410
18478
2495
5815
6015
14742
18776
21161
41687
16510
52384
2374
19817
12498
13914
4645
31340
21138
35908
26492
9384
32540
24572
8001
30240
18377
18472
11498
34417
3645
31540
32272
2139
23897
3842
32716
15783
26174
18479
10667
18834
838
43765
13915
3132
34308
3375
10658
17489
35223
17409
7525
33240
28953
24190
2373
36234
2269
7015
3179
4236
31124
31539
5813
39224
34473
26231
3182
1720
7700
16752
7794
28257
1432
27613
25890
6935
4322
5159
28861
7709
3841
3177
17526
3988
9379
18242
6061
11904
34114
18243
11764
21159
33676
24037
18891
31611
26767
3407
31599
26519
26175
18379
27680
4927
18477
3539
18766
12785
9538
12968
16753
11233
19825
6014
38970
32717
27679
1137
33921
3278
18474
4679
6938
4341
5817
11889
49034
3754
27173
17522
6013
3376
1431
8003
3751
8006
3687
31710
2700
23532
31941
17295
36926
33922
31337
1132
31338
18833
31542
17488
18241
37197
11234
23237
11765
32606
42334
19820
39057
2702
13494
9391
23575
28904
31706
11378
11582
16494
35906
18378
3625
33311
35881
28905
27164
31060
16351
32718
18476
4644
31506
18767
17233
33242
2498
3759
3174
28860
31928
9382
38977
4332
36949
44718
11635
24646
39223
4693
26491
2368
24036
33920
27723
25889
24189
26061
4544
8010
30614
42345
48617
18380
35907
7791
37205
5818
4336
7707
33919
18471
18771
24014
50195
34422
32542
19478
4340
11902
19485
3752
18556
24578
7114
34429
15132
44074
17523
28255
3065
18838
1430
2406
27682
9381
3042
7019
11379
28298
10657
11898
31336
27969
42346
38976
24200
5146
26070
31541
25896
33942
2843
2699
27175
6812
21132
31342
31940
31707
11965
31626
12964
1429
21316
6204
32719
17245
27031
4302
27163
11386
3836
3064
50445
26168
18469
12966
34210
17525
4335
23946
7790
36543
38975
37140
4337
11380
17286
41310
7706
30691
11496
3045
5978
31543
12965
18837
27867
11896
44055
31382
35905
28256
11555
45506
29363
32539
32188
4463
28741
4339
19807
26169
9380
3627
6201
1473
21317
11903
41320
34536
11895
31265
17238
50194
27174
18468
11724
12963
24039
3749
11497
11235
31925
2405
17231
1321
4646
31335
19562
12971
4330
18765
18246
6810
7784
15378
28048
27970
30241
15922
3399
37203
11387
8013
18770
3063
17521
43752
1129
18836
11556
44169
11636
18376
39056
27712
38350
12969
31544
11558
3044
35904
4464
19823
4304
34152
12497
7526
14829
31933
31511
31056
18768
6009
26795
3626
18473
41311
10656
38974
3838
1414
1855
18184
31601
34416
19256
3171
31602
10664
43886
39427
50325
19534
11897
33677
7523
11900
37106
31535
5812
7793
23927
23727
26900
12784
17234
45504
7016
7166
33683
15795
1420
34168
28100
5980
38357
5819
17408
8012
2695
33924
9092
27773
18769
18901
19592
39033
11768
34322
15131
13913
6813
11573
35879
24038
31938
1413
18772
18244
15924
31364
13480
27152
3458
19822
12970
42943
31545
17524
31932
12314
42938
4301
48616
3755
3377
1409
13694
38973
7524
6202
10665
34323
8002
31927
25895
11231
8011
11901
7018
28295
25851
44819
5811
18375
39048
26797
3837
18470
40408
4320
11381
3103
34211
50444
18185
34167
39749
18835
3840
11557
19806
25817
3583
8009
8004
50449
11894
15782
33310
35878
12501
42942
7877
19818
12499
19826
7698
17411
43885
23945
31604
11899
16754
31562
18251
44818
1476
18245
11377
18475
17296
33923
6807
35882
31341
3131
52382
31708
4576
31546
3129
12315
3178
29171
21714
50200
3133
28903
31600
31935
11267
7702
10666
3756
48618
2233
15784
44820
17232
1127
7792
4543
7014
41312
17520
11250
50207
6016
6937
31538
18898
17527
24645
50216
19819
4333
5814
26799
31930
12500
24071
30917
17410
18478
2495
5815
6015
14742
18776
21161
41687
16510
2374
19817
12498
13914
4645
21138
35908
9384
32540
24572
8001
44817
30240
18377
18472
11498
34417
3645
31540
32272
23897
2139
3842
32716
15783
26174
18479
10667
18834
838
43765
13915
3132
34308
10658
17489
35223
17409
7525
33240
28953
24190
2373
36234
2269
7015
31124
31539
5813
39224
34473
26231
48615
3182
1720
7700
16752
7794
28257
1432
27613
25890
50208
6935
4322
43753
5159
28861
7709
3841
3177
50447
17526
3988
9379
18242
6061
11904
34114
18243
11764
21159
33676
24037
18891
31611
26767
3407
26519
26175
18379
4927
18477
3539
18766
12785
9538
12968
16753
11233
19825
6014
38970
32717
44072
27679
1137
33921
42941
3278
18474
4679
6938
44170
4341
5817
11889
49034
3754
27173
17522
6013
3376
50205
1431
8003
3751
8006
3687
31710
2700
50196
23532
31941
17295
36926
33922
31337
31338
18833
31542
17488
37197
18241
43751
11234
23237
11765
32606
42334
19820
39057
2702
13494
9391
23575
28904
31706
11378
11582
16494
35906
18378
3625
33311
28905
27164
31060
16351
32718
18476
4644
31506
18767
17233
33242
2498
3759
3174
28860
31928
9382
38977
4332
44718
11635
24646
39223
4693
2368
24036
33920
27723
25889
24189
26061
4544
8010
42345
48617
49996
18380
35907
7791
37205
58178
5818
4336
58491
7707
33919
58736
18471
18771
62587
24014
50195
34422
32542
19478
58169
4340
11902
19485
3752
18556
24578
7114
34429
44074
17523
28255
62582
3065
18838
1430
2406
27682
9381
31577
3042
7019
11379
28298
11898
31336
27969
38976
24200
5146
26070
31541
25896
33942
2843
51449
2699
27175
6812
21132
31342
31940
31707
11965
12964
1429
21316
6204
32719
62157
17245
27031
58488
57910
4302
19728
27163
11386
3836
3064
50445
26168
61721
18469
57923
12966
34210
17525
4335
23946
58179
7790
58489
36543
38975
37140
4337
11380
17286
41310
7706
30691
11496
3045
5978
36123
39460
58490
57913
31543
12965
18837
27867
11896
44055
31382
53070
35905
28256
11555
45506
57914
51340
29363
32539
32188
4463
28741
4339
62586
19807
51471
26169
9380
3627
62583
6201
1473
21317
11903
41320
34536
11895
31265
17238
50194
27174
62498
18468
11724
62158
12963
3749
24039
11497
11235
31925
2405
17231
48614
4646
31335
36124
19562
58171
12971
4330
18765
18246
6810
7784
15378
28048
27970
30241
15922
3399
37203
11387
49997
8013
18770
62421
3063
17521
1129
18836
11556
44169
11636
18376
39056
27712
52407
38350
12969
31544
11558
3044
35904
4464
19823
4304
34152
12497
51445
7526
14829
57894
31933
31056
62588
18768
6009
26795
3626
18473
41311
10656
38974
3838
1414
1855
58167
18184
31601
34416
4235
19256
58737
3171
31602
10664
43886
39427
50325
19534
11897
33677
7523
11900
49998
37106
31535
5812
7793
23927
23727
26900
12784
17234
45504
7016
7166
33683
58493
15795
1420
34168
28100
45505
5980
38357
5819
17408
8012
2695
33924
9092
49992
18769
27773
57911
18901
19592
39033
11768
58487
34322
15131
13913
6813
11573
35879
24038
31938
1413
18772
18244
39579
15924
31364
13480
58170
27152
3458
19822
58166
51466
12970
42943
31545
17524
31932
12314
4301
48616
3755
3377
13694
57906
38973
7524
6202
10665
31813
62584
34323
8002
31927
25895
11231
8011
11901
7018
49999
58177
28295
25851
44819
5811
18375
39048
52395
26797
3837
18470
53512
40408
4320
11381
58738
3103
62277
60687
34211
50444
18185
58735
34167
39749
23576
18835
3840
58492
11557
19806
25817
58180
3583
8009
8004
50449
62125
11894
15782
53484
33310
35878
12501
42942
7877
19818
12499
19826
7698
17411
43885
23945
48613
31604
11899
49993
16754
44818
1476
18245
11377
18475
17296
33923
6807
35882
3131
31341
52382
31708
4576
31546
3129
52483
12315
29171
3178
50200
21714
3133
28903
31935
6007
11267
7702
10666
3756
48618
2233
15784
17232
52581
1127
7792
41312
7014
17520
11250
50207
6016
31538
18898
17527
24645
50216
19819
4333
51443
5814
26799
31930
12500
24071
30917
17410
18478
2495
5815
62122
6015
14742
18776
21161
41687
16510
52384
2374
19817
12498
13914
4645
31340
21138
35908
62590
9384
51467
32540
24572
8001
11232
52408
30240
18377
18472
11498
34417
3645
31540
32272
23897
2139
3842
32716
15783
26174
18479
10667
18834
838
43765
13915
3132
34308
10658
58505
17489
35223
17409
7525
33240
28953
24190
2373
36234
2269
7015
3179
31124
31539
57940
5813
39224
34473
26231
48615
3182
1720
7700
16752
7794
28257
62416
1432
27613
25890
50197
50208
6935
4322
43753
5159
28861
7709
3841
3177
17526
3988
9379
18242
6061
62159
11904
53521
34114
18243
11764
53506
51453
39597
21159
33676
24037
31611
18891
26767
3407
53520
31599
26519
26175
58168
4927
18477
3539
18766
12785
58503
9538
12968
16753
11233
51448
19825
6014
51469
38970
32717
57912
44072
27679
1137
33921
42941
3278
18474
4679
6938
44170
4341
5817
11889
49034
3754
58504
27173
17522
6013
3376
50205
3751
8003
1431
8006
3687
58739
31710
2700
50196
23532
31941
17295
36926
33922
48611
31337
31338
18833
31542
17488
37197
18241
11234
23237
53261
11765
42334
39057
19820
2702
13494
9391
62497
23575
28904
31706
11378
11582
16494
35906
18378
33311
3625
35881
59400
49995
28905
31060
16351
32718
18476
4644
31506
18767
17233
2498
48612
52580
33242
3174
3759
28860
31928
57945
9382
38977
62123
36949
4332
44718
24646
11635
39223
52409
4693
2368
24036
33920
27723
25889
24189
26061
4544
8010
42345
18380
35907
7791
37205
5818
4336
7707
33919
18471
18771
24014
50195
34422
32542
19478
4340
11902
19485
3752
18556
24578
7114
34429
15132
17523
28255
3065
18838
1430
2406
27682
9381
31577
3042
7019
11379
28298
10657
11898
31336
27969
42346
38976
24200
5146
26070
31541
25896
33942
2843
2699
27175
6812
21132
31342
31940
31707
11965
12964
1429
21316
6204
32719
17245
27031
4302
27163
11386
3836
3064
26168
18469
12966
34210
17525
4335
23946
7790
36543
38975
37140
4337
11380
17286
41310
7706
30691
11496
3045
5978
36123
31543
12965
18837
27867
11896
31382
35905
28256
11555
45506
29363
32539
32188
4463
28741
4339
19807
26169
9380
3627
3176
6201
39939
1473
21317
11903
41320
34536
11895
31265
17238
27174
18468
11724
12963
24039
3749
11497
11235
31925
2405
17231
1321
4646
31335
36124
26490
19562
12971
4330
18765
18246
6810
7784
15378
28048
27970
30241
15922
3399
37203
11387
8013
18770
3063
17521
1129
18836
11556
11636
18376
39056
27712
38350
12969
31544
11558
3044
35904
4464
19823
4304
34152
12497
7526
14829
31933
31056
18768
6009
26795
3626
18473
41311
10656
38974
3838
1414
1855
18184
31601
34416
4235
19256
3171
31602
10664
43886
39427
19534
11897
33677
7523
11900
31535
5812
7793
23927
23727
26900
12784
17234
45504
7016
7166
33683
15795
1420
34168
28100
45505
5980
38357
5819
17408
8012
2695
33924
9092
27773
18769
18901
19592
39033
11768
34322
15131
13913
6813
11573
35879
24038
31938
1413
18772
18244
15924
31364
13480
27152
3458
19822
12970
31545
17524
31932
12314
4301
3755
3377
13694
38973
7524
6202
10665
34323
8002
31927
25895
11231
8011
11901
7018
28295
25851
5811
18375
39048
26797
3837
18470
40408
4320
11381
3103
34211
18185
34167
39749
23576
18835
3840
11557
19806
25817
2304
3583
8009
8004
11894
15782
33310
35878
12501
7877
19818
12499
19826
7698
17411
43885
23945
31604
11899
16754
31562
18251
1476
18245
11377
18475
17296
33923
6807
35882
31341
3131
52382
31708
4576
31546
3129
12315
3178
29171
21714
3133
28903
31600
31935
6007
11267
7702
10666
3756
2233
15784
17232
26493
1127
7792
4543
7014
41312
17520
11250
6016
6937
31538
18898
17527
24645
50216
19819
4333
5814
26799
12500
31930
24071
30917
17410
18478
2495
5815
6015
14742
18776
21161
41687
16510
52384
2374
19817
12498
13914
4645
31340
21138
35908
26492
9384
32540
24572
8001
30240
18377
18472
11498
34417
3645
31540
32272
2139
23897
3842
32716
15783
26174
18479
10667
18834
838
43765
13915
3132
34308
3375
10658
17489
35223
17409
7525
33240
28953
24190
2373
36234
2269
7015
3179
4236
31124
31539
5813
39224
34473
26231
3182
1720
7700
16752
7794
28257
1432
27613
25890
6935
4322
5159
28861
7709
3841
3177
17526
3988
9379
18242
6061
11904
34114
18243
11764
21159
33676
24037
18891
31611
26767
3407
31599
26519
26175
18379
27680
4927
18477
3539
18766
12785
9538
12968
16753
11233
19825
6014
38970
32717
27679
1137
33921
3278
18474
4679
6938
4341
5817
11889
49034
3754
27173
17522
6013
3376
1431
8003
3751
8006
3687
31710
2700
23532
31941
17295
36926
33922
31337
1132
31338
18833
31542
17488
18241
37197
11234
23237
11765
32606
42334
19820
39057
2702
13494
9391
23575
28904
31706
11378
11582
16494
35906
18378
3625
33311
35881
28905
27164
31060
16351
32718
18476
4644
31506
18767
17233
33242
2498
3759
3174
28860
31928
9382
38977
4332
36949
44718
11635
24646
39223
4693
26491
2368
24036
33920
27723
25889
24189
26061
4544
8010
30614
42345
48617
18380
35907
7791
37205
5818
4336
7707
33919
18471
18771
24014
50195
34422
32542
19478
4340
11902
19485
3752
18556
24578
7114
34429
15132
44074
17523
28255
3065
18838
1430
2406
27682
9381
3042
7019
11379
28298
10657
11898
31336
27969
42346
38976
24200
5146
26070
31541
25896
33942
2843
2699
27175
6812
21132
31342
31940
31707
11965
31626
12964
1429
21316
6204
32719
17245
27031
4302
27163
11386
3836
3064
50445
26168
18469
12966
34210
17525
4335
23946
7790
36543
38975
37140
4337
11380
17286
41310
7706
30691
11496
3045
5978
31543
12965
18837
27867
11896
44055
31382
35905
28256
11555
45506
29363
32539
32188
4463
28741
4339
19807
26169
9380
3627
6201
1473
21317
11903
41320
34536
11895
31265
17238
50194
27174
18468
11724
12963
24039
3749
11497
11235
31925
2405
17231
1321
4646
31335
19562
12971
4330
18765
18246
6810
7784
15378
28048
27970
30241
15922
3399
37203
11387
8013
18770
3063
17521
43752
1129
18836
11556
44169
11636
18376
39056
27712
38350
12969
31544
11558
3044
35904
4464
19823
4304
34152
12497
7526
14829
31933
31511
31056
18768
6009
26795
3626
18473
41311
10656
38974
3838
1414
1855
18184
31601
34416
19256
3171
31602
10664
43886
39427
50325
19534
11897
33677
7523
11900
37106
31535
5812
7793
23927
23727
26900
12784
17234
45504
7016
7166
33683
15795
1420
34168
28100
5980
38357
5819
17408
8012
2695
33924
9092
27773
18769
18901
19592
39033
11768
34322
15131
13913
6813
11573
35879
24038
31938
1413
18772
18244
15924
31364
13480
27152
3458
19822
12970
42943
31545
17524
31932
12314
42938
4301
48616
3755
3377
1409
13694
38973
7524
6202
10665
34323
8002
31927
25895
11231
8011
11901
7018
28295
25851
44819
5811
18375
39048
26797
3837
18470
40408
4320
11381
3103
34211
50444
18185
34167
39749
18835
3840
11557
19806
25817
3583
8009
8004
50449
11894
15782
33310
35878
12501
42942
7877
19818
12499
19826
7698
17411
43885
23945
31604
11899
16754
31562
18251
44818
1476
18245
11377
18475
17296
33923
6807
35882
31341
3131
52382
31708
4576
31546
3129
12315
3178
29171
21714
50200
3133
28903
31600
31935
11267
7702
10666
3756
48618
2233
15784
44820
17232
1127
7792
4543
7014
41312
17520
11250
50207
6016
6937
31538
18898
17527
24645
50216
19819
4333
5814
26799
31930
12500
24071
30917
17410
18478
2495
5815
6015
14742
18776
21161
41687
16510
2374
19817
12498
13914
4645
21138
35908
9384
32540
24572
8001
44817
30240
18377
18472
11498
34417
3645
31540
32272
23897
2139
3842
32716
15783
26174
18479
10667
18834
838
43765
13915
3132
34308
10658
17489
35223
17409
7525
33240
28953
24190
2373
36234
2269
7015
31124
31539
5813
39224
34473
26231
48615
3182
1720
7700
16752
7794
28257
1432
27613
25890
50208
6935
4322
43753
5159
28861
7709
3841
3177
50447
17526
3988
9379
18242
6061
11904
34114
18243
11764
21159
33676
24037
18891
31611
26767
3407
26519
26175
18379
4927
18477
3539
18766
12785
9538
12968
16753
11233
19825
6014
38970
32717
44072
27679
1137
33921
42941
3278
18474
4679
6938
44170
4341
5817
11889
49034
3754
27173
17522
6013
3376
50205
1431
8003
3751
8006
3687
31710
2700
50196
23532
31941
17295
36926
33922
31337
31338
18833
31542
17488
37197
18241
43751
11234
23237
11765
32606
42334
19820
39057
2702
13494
9391
23575
28904
31706
11378
11582
16494
35906
18378
3625
33311
28905
27164
31060
16351
32718
18476
4644
31506
18767
17233
33242
2498
3759
3174
28860
31928
9382
38977
4332
44718
11635
24646
39223
4693
2368
24036
33920
27723
25889
24189
26061
4544
8010
42345
48617
49996
18380
35907
7791
37205
58178
5818
4336
58491
7707
33919
58736
18471
18771
62587
24014
50195
34422
32542
19478
58169
4340
11902
19485
3752
18556
24578
7114
34429
44074
17523
28255
62582
3065
18838
1430
2406
27682
9381
31577
3042
7019
11379
28298
11898
31336
27969
38976
24200
5146
26070
31541
25896
33942
2843
51449
2699
27175
6812
21132
31342
31940
31707
11965
12964
1429
21316
6204
32719
62157
17245
27031
58488
57910
4302
19728
27163
11386
3836
3064
50445
26168
61721
18469
57923
12966
34210
17525
4335
23946
58179
7790
58489
36543
38975
37140
4337
11380
17286
41310
7706
30691
11496
3045
5978
36123
39460
58490
57913
31543
12965
18837
27867
11896
44055
31382
53070
35905
28256
11555
45506
57914
51340
29363
32539
32188
4463
28741
4339
62586
19807
51471
26169
9380
3627
62583
6201
1473
21317
11903
41320
34536
11895
31265
17238
50194
27174
62498
18468
11724
62158
12963
3749
24039
11497
11235
31925
2405
17231
48614
4646
31335
36124
19562
58171
12971
4330
18765
18246
6810
7784
15378
28048
27970
30241
15922
3399
37203
11387
49997
8013
18770
62421
3063
17521
1129
18836
11556
44169
11636
18376
39056
27712
52407
12969
31544
11558
3044
35904
4464
19823
4304
34152
12497
51445
7526
14829
57894
31933
31056
62588
18768
6009
26795
3626
18473
41311
10656
38974
3838
1414
1855
58167
18184
31601
34416
4235
19256
58737
3171
31602
10664
43886
39427
50325
19534
11897
33677
7523
11900
49998
37106
31535
5812
7793
23927
23727
26900
12784
17234
45504
7016
7166
33683
58493
15795
1420
34168
28100
45505
5980
38357
5819
17408
8012
2695
33924
9092
49992
18769
27773
57911
18901
19592
39033
11768
58487
34322
15131
13913
6813
11573
35879
24038
31938
1413
18772
18244
39579
15924
31364
13480
58170
27152
3458
19822
58166
51466
12970
42943
31545
17524
31932
12314
4301
48616
3755
3377
13694
57906
38973
7524
6202
10665
31813
62584
34323
8002
31927
25895
11231
8011
11901
7018
49999
58177
28295
25851
44819
5811
18375
39048
52395
26797
3837
18470
53512
40408
4320
11381
58738
3103
62277
60687
34211
50444
18185
58735
34167
39749
23576
18835
3840
58492
11557
19806
25817
58180
3583
8009
8004
50449
62125
11894
15782
53484
33310
35878
12501
42942
7877
19818
12499
19826
7698
17411
43885
23945
48613
31604
11899
49993
16754
44818
1476
18245
11377
18475
17296
33923
6807
35882
3131
31341
52382
31708
4576
31546
3129
52483
12315
29171
3178
50200
21714
3133
28903
31935
6007
11267
7702
10666
3756
48618
2233
15784
17232
52581
1127
7792
41312
7014
17520
11250
50207
6016
31538
18898
17527
24645
50216
19819
4333
51443
5814
26799
31930
12500
24071
30917
17410
18478
2495
5815
62122
6015
14742
18776
21161
41687
16510
52384
2374
19817
12498
13914
4645
31340
21138
35908
62590
9384
51467
32540
24572
8001
11232
52408
30240
18377
18472
11498
34417
3645
31540
32272
23897
2139
3842
32716
15783
26174
18479
10667
18834
838
43765
13915
3132
34308
10658
58505
17489
35223
17409
7525
33240
28953
24190
2373
36234
2269
7015
3179
31124
31539
57940
5813
39224
34473
26231
48615
3182
1720
7700
16752
7794
28257
62416
1432
27613
25890
50197
50208
6935
4322
43753
5159
28861
7709
3841
3177
17526
3988
9379
18242
6061
62159
11904
53521
34114
18243
11764
53506
51453
21159
33676
24037
31611
18891
26767
3407
53520
31599
26519
26175
58168
4927
18477
3539
18766
12785
58503
9538
12968
16753
11233
51448
19825
6014
51469
38970
32717
57912
44072
27679
1137
33921
42941
3278
18474
4679
6938
44170
4341
5817
11889
49034
3754
58504
27173
17522
6013
3376
50205
3751
8003
1431
8006
3687
58739
31710
2700
50196
23532
31941
17295
36926
33922
48611
31337
31338
18833
31542
17488
37197
18241
11234
23237
53261
11765
42334
39057
19820
2702
13494
9391
62497
23575
28904
31706
11378
11582
16494
35906
18378
33311
3625
35881
59400
49995
28905
31060
16351
32718
18476
4644
31506
18767
17233
2498
48612
52580
33242
3174
3759
28860
31928
57945
9382
38977
62123
36949
4332
44718
24646
11635
39223
52409
4693
2368
24036
33920
27723
25889
24189
26061
4544
8010
42345
18380
35907
7791
37205
5818
4336
7707
33919
18471
18771
24014
50195
34422
32542
19478
4340
11902
19485
3752
18556
24578
7114
34429
15132
17523
28255
3065
18838
1430
2406
27682
9381
31577
3042
7019
11379
28298
10657
11898
31336
27969
42346
38976
24200
5146
26070
31541
25896
33942
2843
2699
27175
6812
21132
31342
31940
31707
11965
12964
1429
21316
6204
32719
17245
27031
4302
27163
11386
3836
3064
26168
18469
12966
34210
17525
4335
23946
7790
36543
38975
37140
4337
11380
17286
41310
7706
30691
11496
3045
5978
36123
31543
12965
18837
27867
11896
31382
35905
28256
11555
45506
29363
32539
32188
4463
28741
4339
19807
26169
9380
3627
3176
6201
39939
1473
21317
11903
41320
34536
11895
31265
17238
27174
18468
11724
12963
24039
3749
11497
11235
31925
2405
17231
1321
4646
31335
36124
26490
19562
12971
4330
18765
18246
6810
7784
15378
28048
27970
30241
15922
3399
37203
11387
8013
18770
3063
17521
1129
18836
11556
11636
18376
39056
27712
38350
12969
31544
11558
3044
35904
4464
19823
4304
34152
12497
7526
14829
31933
31056
18768
6009
26795
3626
18473
41311
10656
38974
3838
1414
1855
18184
31601
34416
4235
19256
3171
31602
10664
43886
39427
19534
11897
33677
7523
11900
31535
5812
7793
23927
23727
26900
12784
17234
45504
7016
7166
33683
15795
1420
34168
28100
45505
5980
38357
5819
17408
8012
2695
33924
9092
27773
18769
18901
19592
39033
11768
34322
15131
13913
6813
11573
35879
24038
31938
1413
18772
18244
15924
31364
13480
27152
3458
19822
12970
31545
17524
31932
12314
4301
3755
3377
13694
38973
7524
6202
10665
34323
8002
31927
25895
11231
8011
11901
7018
28295
25851
5811
18375
39048
26797
3837
18470
40408
4320
11381
3103
34211
18185
34167
39749
23576
18835
3840
11557
19806
25817
2304
3583
8009
8004
11894
15782
33310
35878
12501
7877
19818
12499
19826
7698
17411
43885
23945
31604
11899
16754
31562
18251
1476
18245
11377
18475
17296
33923
6807
35882
31341
3131
52382
31708
4576
31546
3129
12315
3178
29171
21714
3133
28903
31600
31935
6007
11267
7702
10666
3756
2233
15784
17232
26493
1127
7792
4543
7014
41312
17520
11250
6016
6937
31538
18898
17527
24645
50216
19819
4333
5814
26799
12500
31930
24071
30917
17410
18478
2495
5815
6015
14742
18776
21161
41687
16510
52384
2374
19817
12498
13914
4645
31340
21138
35908
26492
9384
32540
24572
8001
30240
18377
18472
11498
34417
3645
31540
32272
2139
23897
3842
32716
15783
26174
18479
10667
18834
838
43765
13915
3132
34308
3375
10658
17489
35223
17409
7525
33240
28953
24190
2373
36234
2269
7015
3179
4236
31124
31539
5813
39224
34473
26231
3182
1720
7700
16752
7794
28257
1432
27613
25890
6935
4322
5159
28861
7709
3841
3177
17526
3988
9379
18242
6061
11904
34114
18243
11764
21159
33676
24037
18891
31611
26767
3407
31599
26519
26175
18379
27680
4927
18477
3539
18766
12785
9538
12968
16753
11233
19825
6014
38970
32717
27679
1137
33921
3278
18474
4679
6938
4341
5817
11889
49034
3754
27173
17522
6013
3376
1431
8003
3751
8006
3687
31710
2700
23532
31941
17295
36926
33922
31337
1132
31338
18833
31542
17488
18241
37197
11234
23237
11765
32606
42334
19820
39057
2702
13494
9391
23575
28904
31706
11378
11582
16494
35906
18378
3625
33311
35881
28905
27164
31060
16351
32718
18476
4644
31506
18767
17233
33242
2498
3759
3174
28860
31928
9382
38977
4332
36949
44718
11635
24646
39223
4693
26491
2368
24036
33920
27723
25889
24189
26061
4544
8010
30614
42345
48617
18380
35907
7791
37205
5818
4336
7707
33919
18471
18771
24014
50195
34422
32542
19478
4340
11902
19485
3752
18556
24578
7114
34429
15132
44074
17523
28255
3065
18838
1430
2406
27682
9381
3042
7019
11379
28298
10657
11898
31336
27969
42346
38976
24200
5146
26070
31541
25896
33942
2843
2699
27175
6812
21132
31342
31940
31707
11965
31626
12964
1429
21316
6204
32719
17245
27031
4302
27163
11386
3836
3064
50445
26168
18469
12966
34210
17525
4335
23946
7790
36543
38975
37140
4337
11380
17286
41310
7706
30691
11496
3045
5978
31543
12965
18837
27867
11896
44055
31382
35905
28256
11555
45506
29363
32539
32188
4463
28741
4339
19807
26169
9380
3627
6201
1473
21317
11903
41320
34536
11895
31265
17238
50194
27174
18468
11724
12963
24039
3749
11497
11235
31925
2405
17231
1321
4646
31335
19562
12971
4330
18765
18246
6810
7784
15378
28048
27970
30241
15922
3399
37203
11387
8013
18770
3063
17521
43752
1129
18836
11556
44169
11636
18376
39056
27712
38350
12969
31544
11558
3044
35904
4464
19823
4304
34152
12497
7526
14829
31933
31511
31056
18768
6009
26795
3626
18473
41311
10656
38974
3838
1414
1855
18184
31601
34416
19256
3171
31602
10664
43886
39427
50325
19534
11897
33677
7523
11900
37106
31535
5812
7793
23927
23727
26900
12784
17234
45504
7016
7166
33683
15795
1420
34168
28100
5980
38357
5819
17408
8012
2695
33924
9092
27773
18769
18901
19592
39033
11768
34322
15131
13913
6813
11573
35879
24038
31938
1413
18772
18244
15924
31364
13480
27152
3458
19822
12970
42943
31545
17524
31932
12314
42938
4301
48616
3755
3377
1409
13694
38973
7524
6202
10665
34323
8002
31927
25895
11231
8011
11901
7018
28295
25851
44819
5811
18375
39048
26797
3837
18470
40408
4320
11381
3103
34211
50444
18185
34167
39749
18835
3840
11557
19806
25817
3583
8009
8004
50449
11894
15782
33310
35878
12501
42942
7877
19818
12499
19826
7698
17411
43885
23945
31604
11899
16754
31562
18251
44818
1476
18245
11377
18475
17296
33923
6807
35882
31341
3131
52382
31708
4576
31546
3129
12315
3178
29171
21714
50200
3133
28903
31600
31935
11267
7702
10666
3756
48618
2233
15784
44820
17232
1127
7792
4543
7014
41312
17520
11250
50207
6016
6937
31538
18898
17527
24645
50216
19819
4333
5814
26799
31930
12500
24071
30917
17410
18478
2495
5815
6015
14742
18776
21161
41687
16510
2374
19817
12498
13914
4645
21138
35908
9384
32540
24572
8001
44817
30240
18377
18472
11498
34417
3645
31540
32272
23897
2139
3842
32716
15783
26174
18479
10667
18834
838
43765
13915
3132
34308
10658
17489
35223
17409
7525
33240
28953
24190
2373
36234
2269
7015
31124
31539
5813
39224
34473
26231
48615
3182
1720
7700
16752
7794
28257
1432
27613
25890
50208
6935
4322
43753
5159
28861
7709
3841
3177
50447
17526
3988
9379
18242
6061
11904
34114
18243
11764
21159
33676
24037
18891
31611
26767
3407
26519
26175
18379
4927
18477
3539
18766
12785
9538
12968
16753
11233
19825
6014
38970
32717
44072
27679
1137
33921
42941
3278
18474
4679
6938
44170
4341
5817
11889
49034
3754
27173
17522
6013
3376
50205
1431
8003
3751
8006
3687
31710
2700
50196
23532
31941
17295
36926
33922
31337
31338
18833
31542
17488
37197
18241
43751
11234
23237
11765
32606
42334
19820
39057
2702
13494
9391
23575
28904
31706
11378
11582
16494
35906
18378
3625
33311
28905
27164
31060
16351
32718
18476
4644
31506
18767
17233
33242
2498
3759
3174
28860
31928
9382
38977
4332
44718
11635
24646
39223
4693
2368
24036
33920
27723
25889
24189
26061
4544
8010
42345
48617
49996
18380
35907
7791
37205
58178
5818
4336
58491
7707
33919
58736
18471
18771
62587
24014
50195
32542
19478
58169
4340
11902
19485
3752
18556
24578
7114
34429
44074
17523
28255
62582
3065
18838
1430
2406
27682
9381
31577
3042
7019
11379
28298
11898
31336
27969
38976
24200
5146
26070
31541
25896
33942
2843
51449
2699
27175
6812
21132
31342
31940
31707
11965
12964
1429
21316
6204
32719
62157
17245
27031
58488
57910
4302
19728
27163
11386
3836
3064
50445
26168
61721
18469
57923
12966
34210
17525
4335
23946
58179
7790
58489
36543
38975
37140
4337
11380
17286
41310
7706
30691
11496
3045
5978
36123
39460
58490
57913
31543
12965
18837
27867
11896
44055
31382
53070
35905
28256
11555
45506
57914
51340
29363
32539
32188
4463
28741
4339
62586
19807
51471
26169
9380
3627
62583
6201
1473
21317
11903
41320
34536
11895
31265
17238
50194
27174
62498
18468
11724
62158
12963
3749
24039
11497
11235
31925
2405
17231
48614
4646
31335
36124
19562
58171
12971
4330
18765
18246
6810
7784
15378
28048
27970
30241
15922
3399
37203
11387
49997
8013
18770
62421
3063
17521
1129
18836
11556
44169
11636
18376
39056
27712
52407
12969
31544
11558
3044
35904
4464
19823
4304
34152
12497
51445
7526
14829
57894
31933
31056
62588
18768
6009
26795
3626
18473
41311
10656
38974
3838
1414
1855
58167
18184
31601
34416
4235
19256
58737
3171
31602
10664
43886
39427
50325
19534
11897
33677
7523
11900
49998
31535
5812
7793
23927
23727
26900
12784
17234
45504
7016
7166
33683
58493
15795
1420
34168
28100
45505
5980
38357
5819
17408
8012
2695
33924
9092
49992
18769
27773
57911
18901
19592
39033
11768
58487
34322
15131
13913
6813
11573
35879
24038
31938
1413
18772
18244
39579
15924
31364
13480
58170
27152
3458
19822
58166
51466
12970
42943
31545
17524
31932
12314
4301
48616
3755
3377
13694
57906
38973
7524
6202
10665
31813
62584
34323
8002
31927
25895
11231
8011
11901
7018
49999
58177
28295
25851
44819
5811
18375
39048
52395
26797
3837
18470
53512
40408
4320
11381
58738
3103
62277
60687
34211
50444
18185
58735
34167
39749
23576
18835
3840
58492
11557
19806
25817
58180
3583
8009
8004
50449
62125
11894
15782
53484
33310
35878
12501
42942
7877
19818
12499
19826
7698
17411
43885
23945
48613
31604
11899
49993
16754
44818
1476
18245
11377
18475
17296
33923
6807
35882
31341
3131
52382
31708
4576
31546
3129
52483
12315
29171
3178
50200
21714
3133
28903
31935
6007
11267
7702
10666
3756
48618
2233
15784
17232
52581
1127
7792
41312
7014
17520
11250
50207
6016
31538
18898
17527
24645
50216
19819
4333
51443
5814
26799
31930
12500
24071
30917
17410
18478
2495
5815
62122
6015
14742
18776
21161
41687
16510
52384
2374
19817
12498
13914
4645
31340
21138
35908
62590
9384
51467
32540
24572
8001
11232
52408
30240
18377
18472
11498
34417
3645
31540
32272
23897
2139
3842
32716
15783
26174
18479
10667
18834
838
43765
13915
3132
34308
10658
58505
17489
35223
17409
7525
33240
28953
24190
2373
36234
2269
7015
3179
31124
31539
57940
5813
39224
34473
26231
48615
3182
1720
7700
16752
7794
28257
62416
1432
27613
25890
50197
50208
6935
4322
43753
5159
28861
7709
3841
3177
17526
3988
9379
18242
6061
62159
11904
53521
34114
18243
11764
53506
51453
21159
33676
24037
31611
18891
26767
3407
53520
31599
26519
26175
58168
4927
18477
3539
18766
12785
58503
9538
12968
16753
11233
51448
19825
6014
51469
38970
32717
57912
44072
27679
1137
33921
42941
3278
18474
4679
6938
44170
4341
5817
11889
49034
3754
58504
27173
17522
6013
3376
50205
3751
8003
1431
8006
3687
58739
31710
2700
50196
23532
31941
17295
36926
33922
48611
31337
31338
18833
31542
17488
37197
18241
11234
23237
53261
11765
42334
39057
19820
2702
13494
9391
62497
23575
28904
31706
11378
11582
16494
35906
18378
3625
35881
59400
49995
28905
31060
16351
32718
18476
4644
31506
18767
17233
2498
48612
52580
33242
3174
3759
28860
31928
57945
9382
38977
62123
36949
4332
44718
24646
11635
39223
52409
4693
2368
24036
33920
27723
25889
24189
26061
4544
8010
42345
18380
35907
7791
37205
5818
4336
7707
33919
18471
18771
24014
50195
34422
32542
19478
4340
11902
19485
3752
18556
24578
7114
34429
15132
17523
28255
3065
18838
1430
2406
27682
9381
31577
3042
7019
11379
28298
10657
11898
31336
27969
42346
38976
24200
5146
26070
31541
25896
33942
2843
2699
27175
6812
21132
31342
31940
31707
11965
12964
1429
21316
6204
32719
17245
27031
4302
27163
11386
3836
3064
26168
18469
12966
34210
17525
4335
23946
7790
36543
38975
37140
4337
11380
17286
41310
7706
30691
11496
3045
5978
36123
31543
12965
18837
27867
11896
31382
35905
28256
11555
45506
29363
32539
32188
4463
28741
4339
19807
26169
9380
3627
3176
6201
39939
1473
21317
11903
41320
34536
11895
31265
17238
27174
18468
11724
12963
24039
3749
11497
11235
31925
2405
17231
1321
4646
31335
36124
26490
19562
12971
4330
18765
18246
6810
7784
15378
28048
27970
30241
15922
3399
37203
11387
8013
18770
3063
17521
1129
18836
11556
11636
18376
39056
27712
38350
12969
31544
11558
3044
35904
4464
19823
4304
34152
12497
7526
14829
31933
31056
18768
6009
26795
3626
18473
41311
10656
38974
3838
1414
1855
18184
31601
34416
4235
19256
3171
31602
10664
43886
39427
19534
11897
33677
7523
11900
31535
5812
7793
23927
23727
26900
12784
17234
45504
7016
7166
33683
15795
1420
34168
28100
45505
5980
38357
5819
17408
8012
2695
33924
9092
27773
18769
18901
19592
39033
11768
34322
15131
13913
6813
11573
35879
24038
31938
1413
18772
18244
15924
31364
13480
27152
3458
19822
12970
31545
17524
31932
12314
4301
3755
3377
13694
38973
7524
6202
10665
34323
8002
31927
25895
11231
8011
11901
7018
28295
25851
5811
18375
39048
26797
3837
18470
40408
4320
11381
3103
34211
18185
34167
39749
23576
18835
3840
11557
19806
25817
2304
3583
8009
8004
11894
15782
33310
35878
12501
7877
19818
12499
19826
7698
17411
43885
23945
31604
11899
16754
31562
18251
1476
18245
11377
18475
17296
33923
6807
35882
31341
3131
52382
31708
4576
31546
3129
12315
3178
29171
21714
3133
28903
31600
31935
6007
11267
7702
10666
3756
2233
15784
17232
26493
1127
7792
4543
7014
41312
17520
11250
6016
6937
31538
18898
17527
24645
50216
19819
4333
5814
26799
12500
31930
24071
30917
17410
18478
2495
5815
6015
14742
18776
21161
41687
16510
52384
2374
19817
12498
13914
4645
31340
21138
35908
26492
9384
32540
24572
8001
30240
18377
18472
11498
34417
3645
31540
32272
2139
23897
3842
32716
15783
26174
18479
10667
18834
838
43765
13915
3132
34308
3375
10658
17489
35223
17409
7525
33240
28953
24190
2373
36234
2269
7015
3179
4236
31124
31539
5813
39224
34473
26231
3182
1720
7700
16752
7794
28257
1432
27613
25890
6935
4322
5159
28861
7709
3841
3177
17526
3988
9379
18242
6061
11904
34114
18243
11764
21159
33676
24037
18891
31611
26767
3407
31599
26519
26175
18379
27680
4927
18477
3539
18766
12785
9538
12968
16753
11233
19825
6014
38970
32717
27679
1137
33921
3278
18474
4679
6938
4341
5817
11889
49034
3754
27173
17522
6013
3376
1431
8003
3751
8006
3687
31710
2700
23532
31941
17295
36926
33922
31337
1132
31338
18833
31542
17488
18241
37197
11234
23237
11765
32606
42334
19820
39057
2702
13494
9391
23575
28904
31706
11378
11582
16494
35906
18378
3625
33311
35881
28905
27164
31060
16351
32718
18476
4644
31506
18767
17233
33242
2498
3759
3174
28860
31928
9382
38977
4332
36949
44718
11635
24646
39223
4693
26491
2368
24036
33920
27723
25889
4335
18836
48615
50449
18478
15782
6813
18380
27173
18776
31938
7706
12969
19826
16510
4464
31364
18471
19817
3458
19822
34422
31337
31545
18556
17524
4339
3627
9380
37197
18473
11234
34417
4576
23237
11895
34536
32606
2139
9381
3842
50194
11379
15783
18479
28903
10664
7702
31706
8011
26175
26070
4927
12785
25896
33942
44820
15784
7793
21132
4644
18470
12784
7166
18765
50444
18185
32719
17245
7784
31538
30241
28953
3836
11387
4693
2269
25817
8012
5813
34210
39224
24189
26061
4544
8010
30614
42345
48617
18380
35907
7791
37205
5818
4336
7707
33919
18471
18771
24014
50195
34422
32542
19478
4340
11902
19485
3752
18556
24578
7114
34429
15132
44074
17523
28255
3065
18838
1430
2406
27682
9381
3042
7019
11379
28298
10657
11898
31336
27969
42346
38976
24200
5146
26070
31541
25896
33942
2843
2699
27175
6812
21132
31342
31940
31707
11965
31626
12964
1429
21316
6204
32719
17245
27031
4302
27163
11386
3836
3064
50445
26168
18469
12966
34210
17525
4335
23946
7790
36543
38975
37140
4337
11380
17286
41310
7706
30691
11496
3045
5978
31543
12965
18837
27867
11896
44055
31382
35905
28256
11555
45506
29363
32539
32188
4463
28741
4339
19807
26169
9380
3627
6201
1473
21317
11903
41320
34536
11895
31265
17238
50194
27174
18468
11724
12963
24039
3749
11497
11235
31925
2405
17231
1321
4646
31335
19562
12971
4330
18765
18246
6810
7784
15378
28048
27970
30241
15922
3399
37203
11387
8013
18770
3063
17521
43752
1129
18836
11556
44169
11636
18376
39056
27712
38350
12969
31544
11558
3044
35904
4464
19823
4304
34152
12497
7526
14829
31933
31511
31056
18768
6009
26795
3626
18473
41311
10656
38974
3838
1414
1855
18184
31601
34416
19256
3171
31602
10664
43886
39427
50325
19534
11897
33677
7523
11900
37106
31535
5812
7793
23927
23727
26900
12784
17234
45504
7016
7166
33683
15795
1420
34168
28100
5980
38357
5819
17408
8012
2695
33924
9092
27773
18769
18901
19592
39033
11768
34322
15131
13913
6813
11573
35879
24038
31938
1413
18772
18244
15924
31364
13480
27152
3458
19822
12970
42943
31545
17524
31932
12314
42938
4301
48616
3755
3377
1409
13694
38973
7524
6202
10665
34323
8002
31927
25895
11231
8011
11901
7018
28295
25851
44819
5811
18375
39048
26797
3837
18470
40408
4320
11381
3103
34211
50444
18185
34167
39749
18835
3840
11557
19806
25817
3583
8009
8004
50449
11894
15782
33310
35878
12501
42942
7877
19818
12499
19826
7698
17411
43885
23945
31604
11899
16754
31562
18251
44818
1476
18245
11377
18475
17296
33923
6807
35882
31341
3131
52382
31708
4576
31546
3129
12315
3178
29171
21714
50200
3133
28903
31600
31935
11267
7702
10666
3756
48618
2233
15784
44820
17232
1127
7792
4543
7014
41312
17520
11250
50207
6016
6937
31538
18898
17527
24645
50216
19819
4333
5814
26799
31930
12500
24071
30917
17410
18478
2495
5815
6015
14742
18776
21161
41687
16510
2374
19817
12498
13914
4645
21138
35908
9384
32540
24572
8001
44817
30240
18377
18472
11498
34417
3645
31540
32272
23897
2139
3842
32716
15783
26174
18479
10667
18834
838
43765
13915
3132
34308
10658
17489
35223
17409
7525
33240
28953
24190
2373
36234
2269
7015
31124
31539
5813
39224
34473
26231
48615
3182
1720
7700
16752
7794
28257
1432
27613
25890
50208
6935
4322
43753
5159
28861
7709
3841
3177
50447
17526
3988
9379
18242
6061
11904
34114
18243
11764
21159
33676
24037
18891
31611
26767
3407
26519
26175
18379
4927
18477
3539
18766
12785
9538
12968
16753
11233
19825
6014
38970
32717
44072
27679
1137
33921
42941
3278
18474
4679
6938
44170
4341
5817
11889
49034
3754
27173
17522
6013
3376
50205
1431
8003
3751
8006
3687
31710
2700
50196
23532
31941
17295
36926
33922
31337
31338
18833
31542
17488
37197
18241
43751
11234
23237
11765
32606
42334
19820
39057
2702
13494
9391
23575
28904
31706
11378
11582
16494
35906
18378
3625
33311
28905
27164
31060
16351
32718
18476
4644
31506
18767
17233
33242
2498
3759
3174
28860
31928
9382
38977
4332
44718
11635
24646
39223
4693
2368
24036
33920
27723
25889
24189
26061
4544
8010
42345
48617
49996
18380
35907
7791
37205
58178
5818
4336
58491
7707
33919
58736
18471
18771
62587
24014
50195
32542
19478
58169
4340
11902
19485
3752
18556
24578
7114
44074
17523
28255
62582
3065
18838
1430
2406
27682
9381
3042
7019
11379
28298
11898
31336
27969
38976
24200
5146
26070
31541
25896
33942
2843
51449
27175
6812
21132
31342
31940
31707
11965
12964
1429
21316
6204
32719
62157
17245
27031
58488
57910
4302
19728
27163
11386
3064
50445
26168
61721
18469
57923
12966
34210
17525
4335
23946
58179
7790
58489
36543
38975
37140
4337
17286
41310
7706
30691
11496
3045
5978
39460
58490
57913
31543
12965
18837
27867
11896
44055
31382
53070
35905
28256
11555
45506
57914
51340
29363
32539
32188
4463
28741
4339
62586
19807
51471
26169
9380
3627
62583
6201
1473
21317
11903
41320
34536
11895
31265
17238
50194
27174
62498
18468
11724
62158
12963
3749
24039
11497
11235
31925
2405
17231
48614
4646
31335
19562
58171
12971
4330
18765
18246
6810
7784
15378
28048
27970
30241
15922
11387
49997
8013
18770
62421
3063
17521
1129
18836
11556
44169
11636
18376
39056
27712
52407
12969
31544
11558
3044
35904
4464
19823
4304
34152
12497
51445
7526
14829
57894
31933
31056
62588
18768
6009
26795
3626
18473
41311
10656
38974
3838
1414
1855
58167
18184
31601
34416
4235
19256
58737
3171
31602
10664
43886
39427
50325
19534
11897
7523
11900
49998
31535
5812
7793
23927
23727
26900
12784
17234
45504
7016
7166
33683
58493
15795
1420
34168
28100
5980
38357
5819
17408
8012
2695
9092
49992
18769
27773
57911
18901
19592
39033
11768
58487
34322
15131
13913
6813
11573
35879
24038
31938
1413
18772
18244
39579
15924
31364
13480
58170
27152
3458
19822
58166
51466
12970
42943
31545
17524
31932
12314
4301
48616
3755
3377
13694
57906
38973
7524
6202
10665
31813
62584
34323
8002
31927
25895
11231
8011
11901
7018
49999
58177
28295
25851
44819
5811
18375
39048
52395
26797
3837
18470
53512
40408
4320
11381
58738
3103
62277
60687
34211
50444
18185
58735
34167
39749
18835
3840
58492
11557
19806
25817
58180
3583
8009
8004
50449
62125
11894
15782
53484
33310
35878
12501
42942
7877
19818
12499
19826
7698
17411
43885
23945
48613
31604
11899
49993
44818
1476
18245
11377
18475
17296
33923
6807
35882
31341
3131
31708
4576
31546
3129
52483
12315
29171
3178
50200
21714
3133
28903
31935
11267
7702
10666
3756
48618
2233
15784
17232
52581
7792
7014
17520
11250
50207
6016
31538
18898
17527
24645
50216
19819
4333
51443
5814
26799
12500
24071
30917
17410
18478
2495
5815
62122
6015
14742
18776
21161
41687
16510
2374
19817
12498
13914
4645
21138
35908
62590
9384
51467
32540
24572
8001
11232
52408
30240
18377
18472
11498
34417
3645
31540
32272
23897
2139
3842
32716
15783
26174
18479
10667
18834
838
43765
13915
3132
34308
10658
58505
17489
35223
17409
7525
33240
28953
24190
2373
36234
2269
7015
31124
31539
57940
5813
39224
34473
26231
48615
3182
1720
7700
7794
28257
62416
1432
27613
25890
50197
50208
6935
4322
43753
5159
28861
3841
3177
17526
3988
9379
18242
6061
62159
11904
53521
34114
18243
11764
53506
51453
21159
33676
24037
31611
18891
26767
3407
53520
26519
26175
58168
4927
18477
3539
18766
12785
58503
9538
12968
11233
51448
19825
6014
51469
38970
32717
57912
44072
27679
1137
33921
42941
3278
18474
4679
6938
44170
4341
5817
11889
49034
3754
58504
27173
17522
6013
3376
50205
3751
8003
1431
8006
3687
58739
31710
2700
50196
23532
31941
17295
36926
48611
31337
31338
18833
31542
17488
18241
11234
23237
53261
11765
42334
19820
39057
2702
13494
9391
62497
23575
28904
31706
11378
11582
16494
35906
18378
3625
59400
49995
28905
16351
32718
18476
4644
31506
18767
17233
2498
48612
52580
33242
3759
3174
28860
31928
57945
9382
38977
62123
36949
4332
44718
24646
11635
39223
52409
4693
2368
24036
27723
25889
26231
11556
48615
62125
11894
15782
35878
11636
12501
42345
62416
42942
35907
58736
17411
43753
24014
50195
11899
57894
14829
11902
18251
62588
18245
11904
18243
11764
31546
58167
12315
11379
31611
58737
11898
10664
39427
53257
31336
26519
42346
26175
18379
11900
48618
31541
25896
33942
31535
15784
17232
52581
23927
26900
31342
12784
31940
17520
17234
45504
33683
58493
31538
58488
18898
28100
57910
19728
11386
27679
57912
50216
26168
17525
17410
23946
58179
57911
58489
11768
11573
62122
35879
17522
17286
21161
3687
31364
58739
58490
31543
53259
11896
35905
28256
11555
17295
35908
36926
42943
28741
17524
62586
31338
42938
12314
31542
30240
26169
43751
48616
34417
13694
57906
32272
11903
53261
11765
42334
62498
15783
26174
10665
62497
10667
23575
58177
11901
838
11582
35906
17231
18375
31335
19562
17233
48612
58738
11381
62123
58735
27970
34167
28953
24646
11635
39223
58492
11557
11387
31124
62421
43752
24189
26061
4544
8010
42345
18380
35907
7791
37205
5818
4336
7707
33919
18471
18771
24014
50195
34422
32542
19478
4340
11902
19485
3752
18556
24578
7114
34429
15132
17523
28255
3065
18838
1430
2406
27682
9381
31577
3042
7019
11379
28298
10657
11898
31336
27969
42346
38976
24200
5146
26070
31541
25896
33942
2843
2699
27175
6812
21132
31342
31940
31707
11965
12964
1429
21316
6204
32719
17245
27031
4302
27163
11386
3836
3064
26168
18469
12966
34210
17525
4335
23946
7790
36543
38975
37140
4337
11380
17286
41310
7706
30691
11496
3045
5978
36123
31543
12965
18837
27867
11896
31382
35905
28256
11555
45506
29363
32539
32188
4463
28741
4339
19807
26169
9380
3627
3176
6201
39939
1473
21317
11903
41320
34536
11895
31265
27174
18468
11724
12963
24039
3749
11497
11235
31925
2405
17231
1321
4646
31335
36124
26490
19562
12971
4330
18765
18246
6810
7784
15378
28048
27970
30241
15922
3399
37203
11387
8013
18770
3063
17521
1129
18836
11556
11636
18376
39056
27712
38350
12969
31544
11558
3044
35904
4464
19823
4304
34152
12497
7526
14829
31933
31056
18768
6009
26795
3626
18473
41311
10656
38974
3838
1414
1855
18184
31601
34416
4235
19256
3171
31602
10664
43886
39427
19534
11897
33677
7523
11900
31535
5812
7793
23927
23727
26900
12784
17234
45504
7016
7166
33683
15795
1420
34168
28100
45505
5980
38357
5819
17408
8012
2695
33924
9092
27773
18769
18901
19592
39033
11768
34322
15131
13913
6813
11573
35879
24038
31938
1413
18772
18244
15924
31364
13480
27152
3458
19822
12970
31545
17524
31932
12314
4301
3755
3377
13694
38973
7524
6202
10665
34323
8002
31927
25895
11231
8011
11901
7018
28295
25851
5811
18375
39048
26797
3837
18470
40408
4320
11381
3103
34211
18185
34167
39749
18835
3840
11557
19806
25817
2304
3583
8009
8004
11894
15782
33310
35878
12501
7877
19818
12499
19826
7698
17411
43885
23945
31604
11899
16754
31562
18251
1476
18245
11377
18475
17296
33923
6807
35882
31341
3131
52382
31708
4576
31546
3129
12315
3178
29171
21714
3133
28903
31600
31935
6007
11267
7702
10666
3756
2233
15784
17232
26493
1127
7792
4543
7014
41312
17520
11250
6016
6937
31538
18898
17527
24645
50216
19819
4333
5814
26799
12500
31930
24071
30917
17410
18478
2495
5815
6015
14742
18776
21161
41687
16510
52384
2374
19817
12498
13914
4645
31340
21138
35908
26492
9384
32540
24572
8001
30240
18377
18472
11498
34417
3645
31540
32272
2139
23897
3842
32716
15783
26174
18479
10667
18834
838
43765
13915
3132
34308
3375
10658
17489
35223
17409
7525
33240
28953
24190
2373
36234
2269
7015
3179
4236
31124
31539
5813
39224
34473
26231
3182
1720
7700
16752
7794
28257
1432
27613
25890
6935
4322
5159
28861
7709
3841
3177
17526
3988
9379
18242
6061
11904
34114
18243
11764
21159
33676
24037
18891
31611
26767
3407
31599
26519
26175
18379
4927
18477
3539
18766
12785
9538
12968
16753
11233
19825
6014
38970
32717
27679
1137
33921
3278
18474
4679
6938
4341
5817
11889
49034
3754
27173
17522
6013
3376
1431
8003
3751
8006
3687
31710
2700
23532
31941
17295
36926
33922
31337
1132
31338
18833
31542
17488
18241
37197
11234
23237
11765
32606
42334
19820
39057
2702
13494
9391
23575
28904
31706
11378
11582
16494
35906
18378
3625
33311
35881
28905
27164
31060
16351
32718
18476
4644
31506
18767
17233
33242
2498
3759
3174
28860
31928
9382
38977
4332
36949
44718
11635
24646
39223
4693
26491
2368
24036
33920
27723
25889
24189
26061
4544
8010
30614
42345
48617
18380
35907
7791
37205
5818
4336
7707
33919
18471
18771
24014
50195
34422
32542
19478
4340
11902
19485
3752
18556
24578
7114
34429
15132
44074
17523
28255
3065
18838
1430
2406
27682
9381
3042
7019
11379
28298
10657
11898
31336
27969
42346
38976
24200
5146
26070
31541
25896
33942
2843
2699
27175
6812
21132
31342
31940
31707
11965
31626
12964
1429
21316
6204
32719
17245
27031
4302
27163
11386
3836
3064
50445
26168
18469
12966
34210
17525
4335
23946
7790
36543
38975
37140
4337
11380
17286
41310
7706
30691
11496
3045
5978
31543
12965
18837
27867
11896
44055
31382
35905
28256
11555
45506
29363
32539
32188
4463
28741
4339
19807
26169
9380
3627
6201
1473
21317
11903
41320
34536
11895
31265
17238
50194
27174
18468
11724
12963
24039
3749
11497
11235
31925
2405
17231
1321
4646
31335
19562
12971
4330
18765
18246
6810
7784
15378
28048
27970
30241
15922
3399
37203
11387
8013
18770
3063
17521
43752
1129
18836
11556
44169
11636
18376
39056
27712
38350
12969
31544
11558
3044
35904
4464
19823
4304
34152
12497
7526
14829
31933
31511
31056
18768
6009
26795
3626
18473
41311
10656
38974
3838
1414
1855
18184
31601
34416
19256
3171
31602
10664
43886
39427
50325
19534
11897
33677
7523
11900
37106
31535
5812
7793
23927
23727
26900
12784
17234
45504
7016
7166
33683
15795
1420
34168
28100
5980
38357
5819
17408
8012
2695
33924
9092
27773
18769
18901
19592
39033
11768
34322
15131
13913
6813
11573
35879
24038
31938
1413
18772
18244
15924
31364
13480
27152
3458
19822
12970
42943
31545
17524
31932
12314
42938
4301
48616
3755
3377
1409
13694
38973
7524
6202
10665
34323
8002
31927
25895
11231
8011
11901
7018
28295
25851
44819
5811
18375
39048
26797
3837
18470
40408
4320
11381
3103
34211
50444
18185
34167
39749
18835
3840
11557
19806
25817
3583
8009
8004
50449
11894
15782
33310
35878
12501
42942
7877
19818
12499
19826
7698
17411
43885
23945
31604
11899
16754
31562
18251
44818
1476
18245
11377
18475
17296
33923
6807
35882
31341
3131
52382
31708
4576
31546
3129
12315
3178
29171
21714
50200
3133
28903
31600
31935
11267
7702
10666
3756
48618
2233
15784
44820
17232
1127
7792
4543
7014
41312
17520
11250
50207
6016
6937
31538
18898
17527
24645
50216
19819
4333
5814
26799
31930
12500
24071
30917
17410
18478
2495
5815
6015
14742
18776
21161
41687
16510
2374
19817
12498
13914
4645
21138
35908
9384
32540
24572
8001
44817
30240
18377
18472
11498
34417
3645
31540
32272
23897
2139
3842
32716
15783
26174
18479
10667
18834
838
43765
13915
3132
34308
10658
17489
35223
17409
7525
33240
28953
24190
2373
36234
2269
7015
31124
31539
5813
39224
34473
26231
48615
3182
1720
7700
16752
7794
28257
1432
27613
25890
50208
6935
4322
43753
5159
28861
7709
3841
3177
50447
17526
3988
9379
18242
6061
11904
34114
18243
11764
21159
33676
24037
18891
31611
26767
3407
26519
26175
18379
4927
18477
3539
18766
12785
9538
12968
16753
11233
19825
6014
38970
32717
44072
27679
1137
33921
42941
3278
18474
4679
6938
44170
4341
5817
11889
49034
3754
27173
17522
6013
3376
50205
1431
8003
3751
8006
3687
31710
2700
50196
23532
31941
17295
36926
33922
31337
31338
18833
31542
17488
37197
18241
43751
11234
23237
11765
32606
42334
19820
39057
2702
13494
9391
23575
28904
31706
11378
11582
16494
35906
18378
3625
33311
28905
27164
31060
16351
32718
18476
4644
31506
18767
17233
33242
2498
3759
3174
28860
31928
9382
38977
4332
44718
11635
24646
39223
4693
2368
24036
33920
27723
25889
24189
26061
4544
8010
42345
48617
49996
18380
35907
7791
37205
58178
5818
4336
58491
7707
33919
58736
18471
18771
62587
24014
50195
32542
19478
58169
4340
11902
19485
3752
18556
24578
7114
44074
17523
28255
62582
3065
18838
1430
2406
27682
9381
3042
7019
11379
28298
11898
31336
27969
38976
24200
5146
26070
31541
25896
33942
2843
51449
27175
6812
21132
31342
31940
31707
11965
12964
1429
21316
6204
32719
62157
17245
27031
58488
57910
4302
19728
27163
11386
3064
50445
26168
61721
18469
57923
12966
34210
17525
4335
23946
58179
7790
58489
36543
38975
37140
4337
17286
41310
7706
30691
11496
3045
5978
39460
58490
57913
31543
12965
18837
27867
11896
44055
31382
53070
35905
28256
11555
45506
57914
51340
29363
32539
32188
4463
28741
4339
62586
19807
51471
26169
9380
3627
62583
6201
1473
21317
11903
41320
34536
11895
31265
17238
50194
27174
62498
18468
11724
62158
12963
3749
24039
11497
11235
31925
2405
17231
48614
4646
31335
19562
58171
12971
4330
18765
18246
6810
7784
15378
28048
27970
30241
15922
11387
49997
8013
18770
62421
3063
17521
1129
18836
11556
44169
11636
18376
39056
27712
52407
12969
31544
11558
3044
35904
4464
19823
4304
34152
12497
51445
7526
14829
57894
31933
31056
62588
18768
6009
26795
3626
18473
41311
10656
38974
3838
1414
1855
58167
18184
31601
34416
4235
19256
58737
3171
31602
10664
43886
39427
50325
19534
11897
7523
11900
49998
31535
5812
7793
23927
23727
26900
12784
17234
45504
7016
7166
33683
58493
15795
1420
34168
28100
5980
38357
5819
17408
8012
2695
9092
49992
18769
27773
57911
18901
19592
39033
11768
58487
34322
15131
13913
6813
11573
35879
24038
31938
1413
18772
18244
39579
15924
31364
13480
58170
27152
3458
19822
58166
51466
12970
42943
31545
17524
31932
12314
4301
48616
3755
3377
13694
57906
38973
7524
6202
10665
31813
62584
34323
8002
31927
25895
11231
8011
11901
7018
49999
58177
28295
25851
44819
5811
18375
39048
52395
26797
3837
18470
53512
40408
4320
11381
58738
3103
62277
60687
34211
50444
18185
58735
34167
39749
18835
3840
58492
11557
19806
25817
58180
3583
8009
8004
50449
62125
11894
15782
53484
33310
35878
12501
42942
7877
19818
12499
19826
7698
17411
43885
23945
48613
31604
11899
49993
44818
1476
18245
11377
18475
17296
33923
6807
35882
31341
3131
31708
4576
31546
3129
52483
12315
29171
3178
50200
21714
3133
28903
31935
11267
7702
10666
3756
48618
2233
15784
17232
52581
7792
7014
17520
11250
50207
6016
31538
18898
17527
24645
50216
19819
4333
51443
5814
26799
12500
24071
30917
17410
18478
2495
5815
62122
6015
14742
18776
21161
41687
16510
2374
19817
12498
13914
4645
21138
35908
62590
9384
51467
32540
24572
8001
11232
52408
30240
18377
18472
11498
34417
3645
31540
32272
23897
2139
3842
32716
15783
26174
18479
10667
18834
838
43765
13915
3132
34308
10658
58505
17489
35223
17409
7525
33240
28953
24190
2373
36234
2269
7015
31124
31539
57940
5813
39224
34473
26231
48615
3182
1720
7700
7794
28257
62416
1432
27613
25890
50197
50208
6935
4322
43753
5159
28861
3841
3177
17526
3988
9379
18242
6061
62159
11904
53521
34114
18243
11764
53506
51453
21159
33676
24037
31611
18891
26767
3407
53520
26519
26175
58168
4927
18477
3539
18766
12785
58503
9538
12968
11233
51448
19825
6014
51469
38970
32717
57912
44072
27679
1137
33921
42941
3278
18474
4679
6938
44170
4341
5817
11889
49034
3754
58504
27173
17522
6013
3376
50205
3751
8003
1431
8006
3687
58739
31710
2700
50196
23532
31941
17295
36926
48611
31337
31338
18833
31542
17488
18241
11234
23237
53261
11765
42334
19820
39057
2702
13494
9391
62497
23575
28904
31706
11378
11582
16494
35906
18378
3625
59400
49995
28905
16351
32718
18476
4644
31506
18767
17233
2498
48612
52580
33242
3759
3174
28860
31928
57945
9382
38977
62123
36949
4332
44718
24646
11635
39223
52409
4693
2368
24036
27723
25889
26231
11556
48615
62125
11894
15782
35878
11636
12501
42345
62416
42942
35907
58736
17411
43753
24014
50195
11899
57894
14829
11902
18251
62588
18245
11904
18243
11764
31546
58167
12315
11379
31611
58737
11898
10664
39427
53257
31336
26519
42346
26175
18379
11900
48618
31541
25896
33942
31535
15784
17232
52581
23927
26900
31342
12784
31940
17520
17234
45504
33683
58493
31538
58488
18898
28100
57910
19728
11386
27679
57912
50216
26168
17525
17410
23946
58179
57911
58489
11768
11573
62122
35879
17522
17286
21161
3687
31364
58739
58490
31543
53259
11896
35905
28256
11555
17295
35908
36926
42943
28741
17524
62586
31338
42938
12314
31542
30240
26169
43751
48616
34417
13694
57906
32272
11903
53261
11765
42334
62498
15783
26174
10665
62497
10667
23575
58177
11901
838
11582
35906
17231
18375
31335
19562
17233
48612
58738
11381
62123
58735
27970
34167
28953
24646
11635
39223
58492
11557
11387
31124
62421
43752
24189
26061
4544
8010
42345
18380
35907
7791
37205
5818
4336
7707
33919
18471
18771
24014
50195
34422
32542
19478
4340
11902
19485
3752
18556
24578
7114
34429
15132
17523
28255
3065
18838
1430
2406
27682
9381
31577
3042
7019
11379
28298
10657
11898
31336
27969
42346
38976
24200
5146
26070
31541
25896
33942
2843
2699
27175
6812
21132
31342
31940
31707
11965
12964
1429
21316
6204
32719
17245
27031
4302
27163
11386
3836
3064
26168
18469
12966
34210
17525
4335
23946
7790
36543
38975
37140
4337
11380
17286
41310
7706
30691
11496
3045
5978
36123
31543
12965
18837
27867
11896
31382
35905
28256
11555
45506
29363
32539
32188
4463
28741
4339
19807
26169
9380
3627
3176
6201
39939
1473
21317
11903
41320
34536
11895
31265
27174
18468
11724
12963
24039
3749
11497
11235
31925
2405
17231
1321
4646
31335
36124
26490
19562
12971
4330
18765
18246
6810
7784
15378
28048
27970
30241
15922
3399
37203
11387
8013
18770
3063
17521
1129
18836
11556
11636
18376
39056
27712
38350
12969
31544
11558
3044
35904
4464
19823
4304
34152
12497
7526
14829
31933
31056
18768
6009
26795
3626
18473
41311
10656
38974
3838
1414
1855
18184
31601
34416
4235
19256
3171
31602
10664
43886
39427
19534
11897
33677
7523
11900
31535
5812
7793
23927
23727
26900
12784
17234
45504
7016
7166
33683
15795
1420
34168
28100
45505
5980
38357
5819
17408
8012
2695
33924
9092
27773
18769
18901
19592
39033
11768
34322
15131
13913
6813
11573
35879
24038
31938
1413
18772
18244
15924
31364
13480
27152
3458
19822
12970
31545
17524
31932
12314
4301
3755
3377
13694
38973
7524
6202
10665
34323
8002
31927
25895
11231
8011
11901
7018
28295
25851
5811
18375
39048
26797
3837
18470
40408
4320
11381
3103
34211
18185
34167
39749
18835
3840
11557
19806
25817
2304
3583
8009
8004
11894
15782
33310
35878
12501
7877
19818
12499
19826
7698
17411
43885
23945
31604
11899
16754
31562
18251
1476
18245
11377
18475
17296
33923
6807
35882
31341
3131
52382
31708
4576
31546
3129
12315
3178
29171
21714
3133
28903
31600
31935
6007
11267
7702
10666
3756
2233
15784
17232
26493
1127
7792
4543
7014
41312
17520
11250
6016
6937
31538
18898
17527
24645
50216
19819
4333
5814
26799
12500
31930
24071
30917
17410
18478
2495
5815
6015
14742
18776
21161
41687
16510
52384
2374
19817
12498
13914
4645
31340
21138
35908
26492
9384
32540
24572
8001
30240
18377
18472
11498
34417
3645
31540
32272
2139
23897
3842
32716
15783
26174
18479
10667
18834
838
43765
13915
3132
34308
3375
10658
17489
35223
17409
7525
33240
28953
24190
2373
36234
2269
7015
3179
4236
31124
31539
5813
39224
34473
26231
3182
1720
7700
16752
7794
28257
1432
27613
25890
6935
4322
5159
28861
7709
3841
3177
17526
3988
9379
18242
6061
11904
34114
18243
11764
21159
33676
24037
18891
31611
26767
3407
31599
26519
26175
18379
4927
18477
3539
18766
12785
9538
12968
16753
11233
19825
6014
38970
32717
27679
1137
33921
3278
18474
4679
6938
4341
5817
11889
49034
3754
27173
17522
6013
3376
1431
8003
3751
8006
3687
31710
2700
23532
31941
17295
36926
33922
31337
1132
31338
18833
31542
17488
18241
37197
11234
23237
11765
32606
42334
19820
39057
2702
13494
9391
23575
28904
31706
11378
11582
16494
35906
18378
3625
33311
35881
28905
27164
31060
16351
32718
18476
4644
31506
18767
17233
33242
2498
3759
3174
28860
31928
9382
38977
4332
36949
44718
11635
24646
39223
4693
26491
2368
24036
33920
27723
25889
