10115
10118
10139
10140
10164
10228
10229
10230
10231
10232
10234
10235
10236
10237
10238
10239
10240
10241
10242
10243
10244
10245
10342
10348
10350
10351
10353
10354
10356
10362
10363
10365
10366
10401
10407
10410
10413
10433
10523
10572
10642
10643
10644
10645
10646
10647
10648
10649
10650
10668
10669
10670
10671
10685
10688
10732
10944
10945
10946
10947
10948
10949
10950
10951
10952
10958
10993
10994
10997
10999
11015
11016
11017
11018
11019
11020
11021
11022
11024
11026
11027
11029
11033
11034
11036
11038
11040
11043
11045
11046
11051
11052
11053
11054
11055
11057
11058
11059
11060
11061
11062
11096
11097
11098
11099
11101
11166
11168
11169
11170
11171
11173
11174
11178
11179
11181
11183
11187
11189
11190
11191
11193
11194
11195
11227
11228
11229
11230
11261
11262
11264
11266
11268
11269
11270
11271
11272
11274
11291
11292
11293
11294
11295
11301
11323
11324
11325
11327
11334
11335
11336
11372
11373
11374
11422
1143
1148
11493
1152
11525
1161
1162
1163
1164
1165
11652
11691
11717
11718
11722
11727
11729
11731
11748
11777
11779
11780
11784
11785
11787
11801
11802
11803
11804
11806
11947
12020
12030
12031
1212
12127
1213
1214
1216
1217
12178
1218
1219
1220
12207
12208
12209
1221
12210
12211
12212
12215
12216
12220
12225
12228
12229
12230
12231
12234
12238
12243
12244
12245
12246
12247
12248
12250
12251
12252
12253
12256
12259
12260
12261
12265
12266
12279
12280
12281
12300
12301
12303
12304
12307
12309
12310
12335
12374
123R3
12416
12419
12423
12439
12444
12445
12447
12448
12449
12450
12451
12452
12461
12463
12464
12465
12468
12471
12472
12473
12475
12509
12530
12531
12532
12533
12534
12535
12536
12538
12539
12540
12541
12560
12645
12677
12681
12682
12704
12709
12710
12711
12712
12713
12714
12715
12716
12718
12721
12723
12725
12726
12732
12733
1275
12786
12787
12789
12793
12794
12795
12831
12832
12833
12834
12835
12836
12837
12855
12856
12858
12859
12862
12868
12869
12871
12872
12873
12874
12882
12884
12885
12887
12888
12889
12894
12896
12897
12898
12899
12906
12914
12926
12927
12928
12931
12933
12934
12937
12938
12941
12942
12943
12944
12945
12946
12947
12948
12949
12950
12951
12952
12953
12954
12955
12956
12957
12959
12960
12961
12962
12972
12973
12986
12987
12988
12990
12998
12999
13007
13030
13039
13082
13085
13098
13099
13143
13144
13161
13162
13163
13165
13166
13295
13298
13308
13336
1342
13437
13438
13459
13460
13461
13462
13463
13464
13465
13470
13471
13472
13473
13474
13475
13538
13539
13540
13543
13545
13546
13547
13559
13560
13561
13565
13585
13587
13588
13609
13618
13622
13629
13630
13632
13635
13643
1366
13662
13663
13665
13666
13667
13695
13699
13700
13701
13703
13704
13705
13711
13713
13714
13715
13716
13717
13718
13719
13721
13761
13771
13825
13873
13875
13876
13877
13879
13880
13885
13886
13888
13889
13891
13892
13893
13894
13895
13897
13898
13899
13912
13916
13931
13932
13939
13941
13942
13943
13945
13985
14305
14306
14307
14351
14352
14353
14354
14355
14356
14357
14393
1451
14548
14551
14553
14554
14556
14557
14562
14563
14564
14567
14568
14569
14572
14573
14574
14575
14577
14578
14579
1460
14737
14738
14762
14763
14767
14821
14822
14823
14826
14828
14830
14831
14832
14833
14834
14835
14842
14843
14849
14851
14852
14853
14854
14855
14856
14857
14885
14928
14932
14933
14934
14935
14936
14937
14954
14955
1497
14998
15013
15067
15082
15083
15084
15085
15086
15087
15088
15089
15090
15102
15133
15135
15136
15137
15139
15142
15145
15146
15150
15151
15152
15155
15164
15165
15166
15183
15326
15327
15328
15329
15333
15350
15399
15400
15401
15402
15404
15407
15408
15410
15413
15414
15415
15545
15546
15547
15554
15555
15556
15557
15558
15559
15560
15561
15613
15614
15615
15617
15647
15648
15779
15780
15781
15794
15796
15797
15798
15799
15800
1587
15902
15910
15911
15912
15913
1592
15920
15921
15925
15926
15929
15931
15932
15933
16216
16217
16219
16221
16222
16223
16229
16230
16232
16233
16234
16235
16289
16300
16395
16396
16423
16424
16425
16431
16432
16433
16434
16437
16448
16456
16465
16466
1647
16495
16613
16620
16621
16634
16635
16645
16646
16657
1671
1672
16758
16974
1709
17177
17178
17179
17180
1719
17280
17281
17282
17283
17284
17285
17287
17288
17289
17290
17291
17292
17299
1731
17385
17394
17402
17407
17412
17415
17416
17455
17530
17532
17661
17662
17663
17664
17665
17666
17667
17735
17755
17770
17773
17798
17801
17802
17803
17875
17891
17944
17964
17965
18153
18161
18162
18167
18168
18169
18170
18171
18172
18196
18197
18198
18199
18201
18202
18203
18204
18205
18206
18237
18250
18305
18306
18307
18308
18352
18353
18354
18355
18356
18357
18381
18382
18385
18386
18387
18389
18390
18392
18441
18443
18444
18495
18496
18497
18498
18499
18500
18504
18505
18507
18508
18509
18510
18511
18512
18513
18514
18553
18554
18555
18568
18569
18576
18580
18584
18585
18586
18587
18588
18622
18623
18624
18625
18626
18682
1870
18799
19077
19211
19218
19227
19289
19292
19494
19497
19660
19675
19702
19708
19721
19795
19796
19797
19798
19799
19801
19804
19932
19939
19984
19996
20012
20014
20026
20027
20046
20047
20102
20236
20237
20489
20566
20567
20568
20569
20570
20571
20572
20573
20574
20575
20653
20673
20674
20675
20676
20677
20678
20679
20680
20681
20683
20715
20737
20744
20778
20857
20858
20860
20861
20862
20863
20864
20865
20866
20867
20868
20869
20874
20910
20924
20925
20926
21021
21024
21025
21026
21027
21028
21029
21030
21031
21032
21034
21040
21046
21051
21052
21053
21054
21055
21056
21057
21058
21087
21088
21089
21090
21092
21093
21096
21097
21098
21099
21100
21101
21102
21103
21106
21128
21130
21131
21133
21134
21135
21137
21139
21140
21141
21143
21144
21145
21151
21160
21162
21165
21173
21174
2126
2127
21342
21375
21396
21397
21398
21404
21412
21413
21414
21415
21424
21425
21426
21427
21454
21455
21456
21457
21463
21508
21509
21553
21554
21555
21594
2163
21661
21662
21663
21664
21665
21666
21667
21668
21669
21675
21676
21678
21679
2168
21680
2174
21863
21910
21911
21912
21913
21914
21915
21916
21917
21918
21919
21920
21921
21923
21924
21925
21953
21954
21955
21956
21957
21958
21959
21960
21961
21962
21963
21964
21971
21980
21981
21983
21984
22055
22060
22061
22062
22063
22064
22065
22068
22082
22083
22149
22303
22304
22305
22306
22307
22308
2232
22383
22415
22472
22518
22519
22520
22521
22524
22525
22526
22527
22528
22661
22662
22663
22826
2283
22864
22891
22982
22983
22987
22989
22990
22991
23001
23063
23065
23176
23221
23222
23223
23224
23225
23226
23227
23228
23229
23230
23231
23233
23234
23239
23257
23258
23259
23276
23277
23278
23279
23281
23282
23284
23285
23289
23291
23292
23309
23324
23401
23402
23403
23418
23419
23422
23423
23424
23425
23426
23427
23428
23429
23430
23438
23442
23446
23447
23450
23451
23452
23453
23459
23460
23463
23465
23466
23467
23468
23470
23471
23472
23473
23474
23475
23476
23477
23480
23482
23483
23485
23486
23487
23488
23489
23493
23494
23495
23496
23497
23498
23499
23500
23501
23521
23527
23528
23529
23533
23536
23541
23542
23547
23548
23556
23557
23558
23559
23560
23561
23562
23563
23564
23565
23566
23567
23568
23573
23577
23578
23580
23581
23584
23641
23642
23643
23644
23645
23706
23735
23736
23737
23738
23787
23788
23881
23882
23883
23884
23885
23886
23887
23888
23889
23890
23891
23892
23893
23898
23899
23900
23901
23907
23908
23916
23917
23921
23922
23923
23924
23925
23929
23931
23940
23941
23942
23952
23953
23954
23961
23962
23964
23965
23969
2397
23986
23987
23988
23990
24008
24009
24017
24018
24019
24020
24021
24070
24084
24085
24086
24130
24131
24132
24135
24160
24166
24172
24173
24186
24187
24188
24206
24208
24266
24549
24551
24569
24570
24571
24692
24707
24708
24709
24710
24711
24712
24713
2472
24762
24764
24847
24848
24849
24850
24851
24858
24859
24860
24861
24862
24863
24864
24865
24866
24867
24868
24869
24870
24871
24872
24873
24874
24875
24876
24877
24878
24879
24880
24881
24882
24883
24884
24885
24896
24897
24899
2492
24923
24958
24959
24960
25028
25062
25064
25067
25120
25138
25152
25154
25275
25279
25281
25291
25292
25293
25294
25295
25296
25297
25298
25299
25300
25301
25303
25304
25305
25306
25307
25308
25309
25407
25409
25410
25411
25412
25413
25415
25416
25417
25418
25419
25427
25429
25430
25431
25432
25434
25440
25441
25442
25443
25444
25445
25446
25499
25500
25502
25503
25504
25510
25517
25519
25520
25565
25567
25572
25573
25576
25577
25579
25580
25582
25583
25584
25585
25586
25587
25588
25589
25590
25596
25597
25598
25599
25600
25601
25602
25603
25606
25616
25617
25618
25619
25620
25626
25632
25633
25634
25635
25636
25637
25638
25640
25642
25643
25644
25645
25646
25647
25648
25649
25650
25651
25652
25653
25654
25655
25657
25658
25659
25661
25662
25663
25666
25667
25668
25669
25670
25671
25672
25673
25674
25675
25676
25677
25679
25682
25702
25703
25704
25711
25712
25713
25714
25715
25717
25719
25720
25721
25725
25728
25745
25746
25748
25749
25750
25751
25765
25766
25767
25768
25769
25776
25784
25788
25791
25792
25794
25804
25806
25808
25813
25823
25829
25832
25833
25834
25835
25850
25852
25853
25854
25855
25864
25879
25897
25899
25911
25942
25943
25945
25946
25947
25949
25950
25951
25952
25953
25957
26010
26041
26062
26069
26176
26177
26178
26179
26181
26182
26183
26205
26220
26347
26349
26438
26633
26641
26653
26654
26656
26664
26665
26707
26708
26709
26710
26711
26712
26713
26714
26717
26718
26721
26784
26961
26962
26963
26964
26965
26966
26967
26968
26969
26970
26971
26972
27016
27021
27030
27071
27075
27085
27120
27122
27123
27128
27134
27135
27176
27178
27179
27185
27187
27188
27203
27349
27350
2739
27439
27592
27594
27668
27740
27741
27742
27743
27748
27749
27750
27751
27754
27755
27756
27759
2776
27760
27761
27762
27763
27764
27765
27774
27775
27776
27777
27778
27803
27804
27805
27816
2782
27834
2784
27841
27842
27846
27847
27848
27849
27850
27851
27852
27853
27854
27855
27857
27858
27859
27860
27878
27972
27981
27982
27983
27984
27994
27996
27997
27998
28001
28003
28004
28006
28017
28018
28031
28033
28034
28035
28036
28037
28038
28039
28040
28041
28042
28043
28044
28049
28054
28057
28058
28059
28060
28061
28062
28068
28073
28078
28079
28080
28081
28082
28083
28084
28085
28086
28087
28088
28089
28090
28091
28092
28107
28108
28134
28225
28226
28227
28263
28285
28288
28289
28290
28292
28293
28294
28296
28297
28316
28317
28318
28323
28324
28325
28326
28327
28329
28330
28333
28337
28339
28340
28341
28350
28352
28354
28359
28361
28377
28378
28422
28423
28424
28497
28502
28503
28504
2853
28531
28645
28646
28647
28692
28736
28737
28745
28746
28791
28817
28862
28863
28864
28865
28866
28867
28868
28946
28947
28948
28949
28950
28951
28952
28972
28973
28974
29007
29032
29033
29034
29035
29036
29043
29052
29056
29059
29060
29359
29360
29375
29376
29377
29462
29463
29464
29465
29466
29467
29470
29477
29478
29482
29485
29486
29487
29488
29490
29491
29492
2954
2955
2960
29601
29602
2962
29639
29641
29642
29686
29687
29688
29689
29698
29699
29700
29701
29711
29712
29713
29714
29715
29716
29728
29729
29730
29731
29734
29737
29738
29741
29743
29744
29745
29747
29748
29754
2976
2977
2978
29780
29783
29787
29796
29798
29799
29800
29802
29803
29805
29806
29817
29841
29842
29902
29903
29949
29954
29955
29956
29957
29958
29959
29960
29961
29962
29963
29964
29965
29966
29967
29968
29969
29970
29971
29972
29974
29975
29976
29977
29978
29979
29980
30099
30100
30101
30102
30103
30104
30105
30110
30111
30137
30305
30347
30348
30408
30409
30410
30411
30412
30413
3046
30468
3047
3048
3049
3050
3051
30512
30513
30514
30518
3052
30525
30528
30530
30536
30567
30570
30571
30572
30573
30582
30588
30598
30599
30600
30601
30602
30603
30604
30605
30606
30607
30608
30609
30611
30612
30613
30615
30616
30617
30647
30648
30649
30650
30687
30689
30690
30692
30693
30694
30695
30696
30714
30715
30936
30959
30960
30961
30999
31008
31049
31062
31071
3108
31083
31084
31107
31115
31117
31122
31125
31127
31128
31130
31134
3114
31189
31216
31264
31281
31295
31296
31297
3137
31377
3139
31398
31399
3140
31417
31418
31419
31458
31459
31460
31461
31463
31465
31466
31468
31470
31474
31495
31496
31497
3150
3151
3152
31547
31548
31566
31567
31568
31569
31570
31571
31572
31573
3159
31626
31670
31671
31673
31674
31697
31699
31765
31769
31806
31810
31889
31891
31895
31896
31899
31900
31901
31923
31931
31934
31936
31962
31963
31964
31973
32002
32003
32021
32022
32023
32029
32030
32031
32032
32033
32048
32050
32051
32053
32067
32068
32069
32070
32093
32094
32123
32124
32129
32130
32131
32134
32135
32138
32155
32158
32161
32162
32175
32191
32198
3221
32212
32213
32217
32218
32221
32230
32231
32241
32242
32250
32304
32306
32307
32310
32311
32312
32315
32316
32317
32318
32319
32320
32321
32322
32324
32326
32328
32329
32331
32332
32333
32334
32335
32336
32337
32338
32339
32340
32341
32342
32345
32346
32348
32349
32350
32351
32352
32353
32356
32358
32359
32360
32361
32365
32366
32370
32371
32372
32373
32374
32379
32380
32381
32382
32385
32386
32388
32390
32392
32398
32399
32400
32403
32404
32407
32408
32409
32410
32413
32414
32416
32418
32421
32422
32423
32424
32425
32426
32427
32428
32429
32430
32431
32432
32434
32435
32436
32438
32440
32441
32442
32445
32446
32447
32448
32451
32452
32453
32454
32455
32458
32459
32462
32465
32466
32467
32470
32471
32472
32473
32474
32475
32476
32478
32479
32480
32481
32483
32484
32486
32487
32488
32489
32491
32492
32493
32496
32497
32499
32500
32503
32504
32505
32506
32507
32509
3251
32511
32514
32515
32516
32517
32518
32519
3252
32520
32521
32523
32524
32525
32530
32531
32532
32535
32538
3254
32541
32543
32544
32545
32546
32548
32549
32550
32551
32552
32553
32554
32556
32557
32558
32560
32561
32562
32563
32565
32566
32567
32568
32569
32570
32571
32572
32574
32576
32577
32578
32579
32582
32583
32584
32585
32599
32600
32601
32605
32609
32610
32611
32612
32613
32632
32633
32634
32635
32636
32637
32638
32639
32641
32642
32643
32644
32645
32646
32649
32650
32651
32653
32655
32656
32657
32658
32659
32660
32661
32662
32663
32664
32665
32666
32667
32669
32672
32674
32675
32678
32679
32680
32681
32682
32683
32684
32685
32687
32688
32689
32690
32692
32693
32694
32695
32696
32697
32698
32699
32700
32701
32702
32703
32704
32705
32706
32707
32708
32709
32723
32724
32754
32755
32975
32976
32977
32978
32984
32990
32991
32992
32994
32995
32996
32997
32998
32999
33000
33002
33003
33004
33005
33006
3301
3302
33022
33023
33027
33029
3304
33157
33170
33264
3334
3363
33742
33743
3378
33786
33787
33788
33789
33790
33791
33792
33793
33823
33824
33841
33842
33843
33852
33956
33965
33966
33967
33970
33985
33987
34002
34009
34010
34012
34102
34161
34199
34201
34202
34204
34214
34215
34216
34217
34218
34219
34326
34354
34369
34370
34371
34373
34375
34376
34377
34378
34385
34386
34409
34423
34465
34466
34467
34525
34526
34528
34529
34530
34531
34545
34554
34555
3459
3460
34606
3464
34737
34780
34781
34782
34802
34806
34807
34813
34814
34815
34816
34839
34841
34843
34852
34901
34902
34903
34907
34908
34913
34916
34941
34942
34949
34950
34951
34952
34961
34962
34965
34966
35030
35036
35055
35058
35059
35061
35120
35121
35134
35153
35154
35155
35156
35157
35160
35162
35163
35164
35169
35170
35171
35172
35173
35175
35176
35199
35200
35201
35211
35221
35235
35236
35240
35242
35243
35257
35265
35288
35289
35290
35306
35309
35311
35319
35326
35328
35329
35330
35331
35332
35342
35343
35497
35499
35500
35501
35502
35503
35504
35511
35516
35517
35518
35522
35523
35524
3560
35626
35630
35631
35633
35634
35635
35636
35642
35647
35648
35649
35650
35663
35664
35665
35672
35673
35674
35714
35729
35737
35738
35743
35744
35745
35752
35757
35874
36045
36046
36047
36049
36050
36053
36055
36057
36058
36059
36060
36061
36062
36063
36064
36074
36075
36076
36077
36078
36079
36081
36094
36095
36096
36099
36100
36101
36102
36103
36104
36105
36106
36107
36108
36109
36110
36111
36112
36113
36114
36116
36117
36118
36119
36120
36121
36122
36128
36129
36130
36132
36133
36134
36135
36136
36137
36138
36142
36143
36144
36145
36146
36147
36148
36149
36150
36151
36152
36157
36158
36161
36165
36185
36191
36192
36193
36194
36195
36196
36197
36198
36199
36200
36201
36202
36204
36205
36208
36209
36210
36211
36212
36214
36225
36226
36227
36233
36262
36263
36265
36266
36267
36289
36357
36358
3652
36520
36535
36538
36540
36541
36542
3655
3657
36615
36616
36617
36618
36619
36620
36621
36780
36781
36782
36783
36824
36827
3685
36857
3686
37076
37077
37134
37160
37169
37178
37186
37187
37278
37279
37285
37337
37338
37339
37368
37391
37392
37393
37394
37395
37396
37397
37398
37399
37400
37409
37410
37426
37427
37431
37432
37433
37434
37437
37439
37441
37443
37446
37447
37448
37450
37451
37452
37454
37455
37456
37457
37458
37459
37461
37462
37463
37464
37465
37466
37467
37468
37469
3747
37470
37471
37472
37473
37474
37475
37476
37478
37479
37480
37481
37755
37757
37781
37827
37844
37848
37849
37857
37863
37865
37867
37871
37872
37873
37874
37877
37991
38007
38056
38072
38073
38074
38077
38079
38082
38083
38084
38089
38091
38092
3815
3816
3817
3818
3820
38213
38268
38269
3829
38299
3830
3831
3832
38700
38757
38758
38759
38760
38761
38762
38763
38764
38765
38766
38767
38768
38769
38770
38771
38772
38773
38774
38775
38776
38777
38778
38830
38832
38915
38916
38917
38919
38925
38937
38939
38940
38941
38942
38943
38944
38945
38946
38947
38948
38949
38950
38957
38958
38960
38961
38962
38963
3901
3903
39050
3907
3908
39154
39155
39158
39159
39169
39170
39171
39179
39180
39181
39186
39187
39188
39189
3919
39193
39206
39207
39213
39215
39244
39246
39247
39269
39327
39437
39450
39453
39455
39461
39462
39469
39471
39475
39479
39481
39482
39504
39508
39544
39545
39546
39547
39548
39549
39550
39551
39571
39572
39573
39575
39577
39578
39580
39581
39582
39587
39588
39594
39596
39598
39599
39600
39623
39624
39626
39628
39629
39630
39633
39634
39635
39637
39638
39639
39659
39662
39664
39665
39666
39667
39668
39669
39670
39671
39672
39674
39758
39768
3997
39983
39985
3999
4000
4006
40063
40065
4012
40138
40139
4019
40266
4032
40340
4035
40464
40465
40466
40467
4048
40515
40516
40517
40521
4054
40592
40593
40594
40596
40642
40827
40830
40871
40872
40873
4092
40921
40922
4093
40932
40933
40977
40978
40979
41067
41072
41082
41083
41085
41126
41127
41128
41267
41268
4127
41271
41272
41273
41274
41275
41276
4129
41292
41293
41294
41295
41319
4132
4133
41340
41342
41343
41344
41345
41346
41347
41348
41349
41351
41353
41354
41355
41356
41358
41359
41360
41361
41372
4141
41423
41429
41433
41434
41442
41443
41444
41445
41447
41448
41453
41454
41456
41502
41503
41504
41508
41769
41770
4194
4196
4200
4205
42053
42054
42055
4206
42158
42160
42161
42287
42288
42290
42291
42292
42293
4232
42321
42322
4233
4234
42340
42349
42350
42351
42352
42359
42360
42362
42363
42364
42365
42366
42367
42369
42370
42371
42372
42373
42374
42375
42376
42377
42378
42441
42472
42473
42474
42476
42477
42478
42502
42534
42535
42536
42537
42538
42539
42540
42541
42542
42543
42544
42545
42546
42548
42549
42550
42551
42552
42553
42554
42555
42556
42557
42558
42559
4256
42560
42567
42568
42569
4257
42570
42571
42588
42589
4259
42590
42591
42592
42593
42594
42595
42603
42634
42635
42636
42637
42638
42639
42640
42655
42656
42657
42660
42661
42663
42664
42665
42666
42669
42670
42671
42672
42673
42674
42675
42676
42677
42678
42679
42680
42681
42682
42684
42685
42686
42688
42689
42690
42691
42692
42693
42694
42695
42704
42705
42707
42708
42741
42742
42743
42745
42746
42747
42748
42756
42764
42769
42770
42772
42773
42775
42776
4278
42780
42782
42786
42790
42791
42803
42804
42810
42811
42812
42813
42814
42819
42822
42824
42825
42829
42830
42831
42832
42833
42834
42836
42837
42838
42839
42841
42843
42845
42849
42859
42862
42863
42865
42869
42870
42873
42877
42878
42881
42882
42883
42885
42886
42887
42911
42913
42914
42915
42916
42918
42919
42920
42922
42923
42982
43003
43012
43099
43102
43103
43108
43114
43116
43118
43121
43122
43123
43179
43180
43181
43183
43200
43210
43211
43212
43213
43214
43218
43224
43227
43228
43229
43231
43232
43236
43266
43267
43268
43269
43271
43272
43273
43290
43291
43298
43342
43343
43344
43345
43412
43418
43419
4342
43420
43421
43422
43423
43424
43425
43426
43427
43449
43450
43451
43452
43453
43454
43455
43456
43457
43458
43459
43460
43461
43466
43467
43474
43482
43487
43488
43489
43493
43494
43495
43517
43518
43519
43520
43522
43523
43524
43525
43526
43527
43528
43529
43530
43531
43532
43533
43534
43535
43536
43537
43545
43566
43572
43574
43578
43587
43588
43589
43590
43591
43592
43593
43594
43595
43596
43597
43598
43602
43618
43620
43621
43622
43631
43632
43645
43646
43647
43649
43650
43651
43653
43658
43659
43660
43670
43671
43672
43673
43705
43706
43811
43812
43818
43820
43821
43822
43823
43824
43831
43852
43853
43854
43855
43856
43857
43858
43859
4386
43860
43861
43867
43869
43870
43872
43873
43874
43875
43895
43919
43920
43921
43923
43924
44044
44045
44048
44049
44051
44052
44084
44098
44099
4410
44101
44103
44104
44105
44107
44108
44109
44112
44113
44114
44115
44119
44122
44123
44125
44126
4413
44134
44138
4414
44141
44143
44144
44145
44146
44147
4416
4417
4418
4419
44206
44207
44208
44210
44211
44212
44213
44214
44215
44216
44217
44219
44220
44221
44222
44223
44224
44229
44230
44231
44233
44234
44235
44237
44238
4424
44240
44248
44249
4425
44252
4426
4428
4429
44304
44308
4431
4432
4433
44336
44337
44338
44340
44341
4436
44380
44385
44386
44390
44391
44392
44393
44394
44395
44396
44397
44398
44399
44400
44401
44402
44403
44404
44406
44408
44411
44412
44413
44414
44416
44417
44418
44419
44420
44570
44571
44583
44584
44610
44611
44612
44613
44616
44617
44618
44620
44654
44656
44657
44696
44697
44698
44699
4476
44807
44808
44809
4481
44854
44855
44856
44857
44858
44859
44860
4487
44872
45020
45022
45023
45030
45031
45032
45033
45037
45038
45039
45040
4505
45078
45083
45084
45085
4510
45103
45104
45113
45114
4513
45132
45157
45160
45168
45175
45176
45182
45184
45186
45189
45197
45202
45216
45222
45223
45224
45226
45228
45230
45242
45243
45244
45246
45247
45248
45249
45250
45251
45252
45253
45254
45255
45256
45257
45259
45260
45261
45262
45263
45264
45265
45267
45268
45269
45270
45275
45276
45277
45278
45292
45293
45296
45300
45301
45303
45304
45365
45366
45367
45369
45370
45389
45460
45463
45464
45466
45467
45478
45479
45480
45489
45491
45495
45497
45498
45508
45533
45534
45535
45536
45551
45555
45558
45559
45560
4558
45584
45595
45611
45612
4562
4563
45683
45685
45687
45689
45700
45701
45702
45741
45831
45834
45837
45839
45841
45842
45868
45869
45870
45871
45872
46033
46034
46035
46036
46037
46038
46039
46160
46161
46162
46163
46164
46165
46166
46168
46169
46170
4619
46230
46231
46232
46233
46277
46278
4630
4633
46339
46340
46366
46398
46404
46414
46415
46416
46418
46461
46475
46476
4650
4653
4654
4656
46597
46598
46607
46611
4663
46631
46638
46644
46657
46658
46659
46660
46661
46662
46663
46664
46665
46670
46674
46675
46676
46677
46678
46679
46680
46681
46682
46685
46687
46694
46697
46698
46703
46704
46705
46706
46707
46709
46710
46711
46712
46713
46724
46730
46731
46732
46735
46747
46748
46749
46751
46752
46753
46754
46770
4708
4719
4724
47418
47419
47420
47421
47422
47423
47424
47434
47437
47438
47439
47440
47441
47442
47443
47445
47446
47447
47449
47450
47451
47452
47454
47457
47458
47459
47481
47487
47488
47489
47490
47491
47492
47493
47494
47495
47496
47497
47498
47499
47500
47501
47502
47503
47510
47511
47516
47517
47518
47519
47520
47521
47522
47523
47525
47526
47527
47528
47529
47530
47531
47532
47534
47536
47537
47538
47539
47541
47543
47545
47547
47548
47549
47550
47552
47553
47630
47631
47633
47634
47636
47640
47641
47642
47643
47644
47645
47698
47699
47700
47701
47703
47705
47706
47708
47709
47710
47711
47716
47720
47722
47723
47725
47727
47729
47735
47738
47740
47742
47745
47746
47748
47755
47756
4784
47868
47871
47877
47879
47881
47882
47883
47884
47885
47886
47887
47888
47967
47968
47970
47971
47974
47975
47976
47977
47978
47979
47980
47981
47982
47983
47984
47985
47986
47987
47988
47989
47990
47991
47992
47993
47994
47995
48024
48057
48058
48059
48060
48061
48062
48063
48064
48065
48066
48071
48072
48079
48080
48088
48126
48128
48129
48130
48131
48132
48140
48142
48168
48169
48170
48171
48172
48173
48174
48175
48176
48177
48178
48179
48180
48181
48182
48183
48184
48185
48186
48187
48188
48189
48191
48192
48193
48194
48195
48197
48199
48202
48203
48204
48207
48209
48236
48238
48241
48243
48247
48248
48251
48260
48261
48262
48263
48264
48266
48267
48268
48269
48270
48271
48272
48273
48299
48300
48302
48303
48304
48305
48306
48307
48308
48309
48310
48312
48313
48314
48315
48316
48317
48318
48320
48321
48322
48323
48324
48325
48326
48327
48328
48329
48330
48331
48332
48375
48376
48382
48383
48384
48385
48468
48470
48475
48476
48478
48479
48480
48492
48700
48701
48702
48703
48704
48705
48723
48725
48728
48729
48732
48733
48734
4875
4877
4879
48800
48801
48802
48803
4882
48838
48839
48840
48841
48842
48865
48866
48867
48868
48869
48870
48872
48873
4890
48901
48904
48905
4891
4893
48934
48936
48938
48939
48941
48943
4895
48958
48959
48960
48961
48962
48963
4897
4899
48996
48997
48998
48999
49000
4901
49026
49030
49031
49033
49035
49036
49037
49038
49039
49043
4905
4906
4907
49079
49092
4910
4912
4913
49170
49171
49172
49173
49174
49175
49176
49177
49178
49249
49250
49283
49284
49285
49286
49287
49288
49289
49291
4931
4932
4936
49418
49419
49451
49452
49459
49460
49540
49546
49547
49548
49549
49550
49551
49552
49555
49556
49557
49559
4956
49560
49561
49562
49563
49564
49566
4957
49571
49575
49582
49586
49588
49590
49592
49596
49599
49604
49606
49608
4961
49611
49613
49614
49615
49618
49619
49620
49621
49622
49634
49635
49644
49645
49670
49683
49686
49687
49688
49689
49690
49691
49692
49695
49696
49697
49698
49700
49701
49702
49705
49707
49709
49710
49711
49719
49720
49722
49729
49752
49755
49756
49766
49782
49784
49785
49786
49787
49788
49789
49790
49791
49800
49802
49834
49848
49915
49920
49936
49937
49938
49939
50001
50043
50044
50045
50046
50047
50061
50062
50063
50064
50065
50066
50071
50072
50146
50147
50148
50149
50150
50159
50161
50163
50176
50178
50193
50206
50209
50210
50227
50273
50274
50275
50276
50277
50278
50279
50309
50315
50323
50356
5037
50389
50409
50410
50411
50412
50413
50414
50415
50416
50417
50418
50419
50446
50468
50496
5051
50524
50525
50526
50527
50528
50529
50530
50532
50545
50546
50557
50570
50581
50584
50598
50601
5062
50626
50628
5063
50634
50637
5064
50670
50696
50724
50853
5086
50876
50891
50904
50925
50942
50959
50968
50970
50971
50972
50978
50979
5098
50980
50981
50982
50983
51010
5106
51185
51394
51423
51424
51425
51429
5143
51430
51431
51432
5144
51442
51444
51446
51447
51450
51498
51499
51502
51508
51541
51551
51552
5156
51563
51564
51565
51566
51567
51569
51573
51574
51575
51593
51597
51599
51642
51643
51646
51648
51649
51651
51653
51655
51678
51679
51680
51681
51712
51717
51788
51792
51793
51794
51795
51915
51916
51918
51919
51920
51921
51922
51923
51924
51925
51926
51976
51979
51993
52003
52024
52047
52048
52081
52082
52083
52084
52085
52089
52091
52092
52095
52101
52103
52105
52106
52107
52256
52261
52262
52263
52264
52265
52267
52268
52269
52270
52273
52301
52414
52415
52416
52421
52429
52430
52443
52444
52445
52522
52523
52524
52626
52628
52629
52688
52689
52690
52691
52801
52858
52899
53077
53080
53081
53083
53087
53093
53094
53097
53098
53099
53100
53182
53186
53190
53192
53193
53195
53197
53199
53201
53203
53205
53206
53355
53394
53456
53457
53458
53459
53460
53540
53541
53543
53544
53551
53552
53605
53606
53607
53611
53612
53613
53614
53615
53651
53672
53673
53675
53754
53755
54336
54337
54338
54347
54394
54416
54487
54497
54501
54502
54524
54536
54542
54543
5539
5540
5545
5547
5557
5565
5584
5631
5636
5637
5641
5644
5646
5648
5649
5650
5651
5652
5653
5677
5679
5683
5691
5692
5693
5695
56992
56998
5700
57004
57015
5702
5704
57078
57111
57117
57127
57128
5713
57135
5714
5717
5721
5722
5723
5730
5747
5753
5754
5756
5761
5762
5764
5765
5766
5767
5768
57851
57975
57977
57978
57979
57985
57986
57987
57988
58043
58115
58117
5820
5823
5824
58623
58624
58678
59205
59209
6005
6006
6022
6024
6062
6063
6068
6069
6071
6073
6074
6075
608
61994
62021
6225
6239
6288
6289
6292
6295
6296
6297
6298
6323
6328
6331
6332
638
6397
640
6406
6418
6441
6456
6472
6473
6493
6494
6495
6496
6497
6498
6499
6696
6712
6714
6715
6721
6723
6724
6726
6738
6739
6740
6742
6746
6747
6748
6749
6751
6756
6757
6759
6760
6764
6766
6769
6770
6771
6772
6790
6794
6797
6840
6846
6847
6848
6891
6892
6893
69
6901
6902
6909
6932
6933
6942
6944
6994
7050
7146
720
7262
7263
7288
7289
7290
7310
7311
7312
7313
7314
7359
7361
7362
7364
7365
7382
7383
7392
7393
7394
7395
7396
7397
7398
7460
7461
7462
7463
7497
7498
7527
7528
7537
7546
7547
7736
7737
7743
7758
7759
776
7760
7761
7772
7806
7808
7809
7814
7815
7816
7819
7820
7844
7983
7993
8067
8068
8069
8070
8071
8072
8073
8076
8077
8078
8079
8097
8098
8099
8100
8101
8103
8104
8106
8107
8108
8114
812
8120
8165
8166
8167
8168
8169
820
8201
8224
8226
8227
8228
8229
8230
8231
8233
8275
8344
8401
8402
8403
8405
848
850
8623
8626
8643
8645
8646
8785
8861
8862
8863
8864
8868
8869
8889
8903
8904
8905
8906
8917
8929
8937
8998
9098
9305
9306
9307
9308
9309
9310
9378
9385
9386
9387
9388
9479
9480
9497
9844
9888
9915
9916
9932
9934
9936
9937
9938
9948
9950
9959
9960
9961
9963
9964
9982
9983
