10116
10120
10261
10275
10277
10278
10725
10726
10727
10992
11023
11028
11031
11048
11162
11175
11177
11367
11655
11820
11821
11822
11823
12367
12373
12495
12905
13240
13620
14958
14959
17191
17192
17194
17197
17707
17710
17713
17736
17748
17918
18142
22224
22225
22226
22227
22230
22231
22241
22317
22325
22360
22361
22451
22505
22721
22728
22765
22910
22911
22988
22992
23046
23070
23093
23110
23113
23116
23117
23119
23326
23349
23369
23404
23408
23598
23684
23685
23686
23997
24046
24199
24683
24701
24714
24720
24759
24893
25101
25110
25111
25113
25114
25115
25197
25420
25581
25793
25878
26395
26764
26766
26783
26981
26993
26994
27856
28253
28261
28362
28392
28394
28437
28696
28959
28985
29006
29122
29131
29133
29140
29168
29169
29170
29331
29332
29334
29338
29509
29523
29545
29558
29561
29611
29612
29613
29614
29724
29750
29752
29844
29847
30027
30046
30212
30234
30373
30376
30451
30452
30898
30918
30954
30957
30990
30995
31012
31013
31014
31015
31016
31017
31020
31021
31022
31024
31026
31028
31029
31032
31035
31036
31038
31821
31822
31857
32420
32715
33032
33040
33158
33557
34127
34367
34368
34407
34408
35420
35424
35440
35444
35445
35447
35493
35876
36031
36131
36237
36238
5369
6399
6401
6414
6439
6440
6692
6693
6801
6825
6826
7266
7434
7435
7436
7437
7438
7449
7450
7549
7571
7573
7821
7824
7825
7976
8880
8881
8886
8916
8918
8919
8920
8921
8932
