10473
10474
10476
10482
10483
10484
10485
10486
10487
10488
10489
10490
10491
10494
10495
10497
10498
10500
10503
10504
10505
10506
10509
10510
10511
10512
10513
10525
10672
10673
10698
10737
10744
10811
10859
10941
10942
10943
1095
11050
11196
11197
11199
11201
11218
11224
11225
11226
11237
11251
11431
11590
11752
11754
11758
11762
11786
1208
12114
1239
12422
12576
12890
12891
12892
12893
12900
12910
13024
13025
13027
13028
13029
13034
13035
13036
13037
13038
13104
1312
1313
13164
13186
13242
13245
13247
13249
13252
13253
13254
13261
1332
13453
13522
13624
1367
13785
1381
13824
13905
13906
13908
13937
13944
1395
1396
1397
13971
13972
13973
13974
13978
1398
1400
1401
1402
1403
14079
1408
14174
1422
1424
1425
1426
14292
14304
14396
14400
14539
14544
1459
14684
14685
14687
14688
14727
14728
14729
14730
14731
14733
14734
14735
14754
14755
14756
14757
14759
14764
14989
14990
1506
15098
15134
15358
15539
15540
15541
15616
15618
1567
15695
15696
1570
15791
15886
15887
15964
16302
16399
16400
16401
16402
16403
16449
16471
16472
16605
16606
16610
1668
1669
1693
1701
1702
17184
17302
17387
17419
1742
17420
1744
17449
1745
1746
1748
1749
1751
1752
17528
17529
17697
17698
17699
1773
17861
17868
17869
1788
1800
1802
18036
18037
18038
18039
18041
18047
18048
18049
1805
18050
18064
18166
18315
18438
18439
18442
18590
18701
18796
18869
18871
19002
19003
19004
19027
19032
19039
19040
19120
19121
19123
19129
19158
19160
19205
19207
19208
19209
19260
19261
19297
19306
19315
19325
19327
19328
19394
19400
19460
19464
19476
19477
19498
19500
19528
19551
19563
19566
19573
19576
19586
19587
19628
19629
19674
19682
19683
20006
20007
20008
20009
20103
20190
20191
20192
20200
20208
20234
20246
20271
20278
20378
20407
20419
20424
20438
20634
20636
20637
20812
21091
21094
21095
21121
21129
21150
21172
2125
2131
21314
2140
2146
21607
21725
21726
21727
21728
21729
21857
21859
2186
21985
21986
22020
22027
22029
22030
22031
22032
22034
22035
22077
22089
22094
22095
22117
22121
22256
22257
22271
22362
22856
22876
23050
23053
23054
23055
23056
23057
2306
2311
23173
23174
23177
2326
2328
2339
23523
23524
2365
2366
23744
23745
23947
23960
23963
23966
23967
23968
23970
23971
23972
23977
23978
23984
24006
24007
24047
24072
2411
2412
24177
24180
2458
24631
24659
24660
24685
24697
24924
25033
25034
25035
2504
2505
2506
2509
2510
2511
2513
2514
25143
2515
2516
2517
2518
2528
2529
2531
2533
2534
2535
2536
2537
2538
2539
2540
2541
2542
2543
2544
2545
2548
2549
2551
2554
25752
25753
2580
2582
2585
2587
2590
2593
2594
2596
2597
2598
2600
26016
26018
26019
2602
2604
2607
2608
2610
2611
2612
26124
2615
2617
2618
2619
2623
2624
2625
2628
2637
2639
2641
26417
26418
2642
26421
26477
26480
26482
26483
26484
26510
26524
2656
2657
26595
2660
2662
2663
26632
2665
2667
2670
2671
2674
2675
26751
26752
2676
2677
2678
2679
2681
2682
26992
27113
27114
27117
27118
27837
28007
2801
28076
28077
28099
28400
28406
28425
28439
28519
28521
28523
28534
28535
28537
28538
28539
28540
28546
28547
28548
28565
28571
28577
28620
28621
28623
28624
28625
28627
28628
28638
28639
28648
28689
28691
28744
28816
28885
28976
28977
28992
28993
28994
29137
2941
2942
2943
2945
2947
2948
2951
2952
29595
29609
29632
29795
29819
2982
2984
29843
2985
30329
30431
30463
30464
30467
30469
3054
30566
30574
3060
3061
3067
30697
30804
30851
3110
31222
31223
3141
31447
31448
31449
31450
31451
31453
31454
31455
31498
3153
3156
31581
3160
31672
31676
3170
31786
31787
31826
31832
31834
31835
31836
31839
31840
31909
3191
31910
31912
31914
31916
31919
31921
3193
31946
31947
31948
31949
31950
31951
31952
3196
3231
3298
33058
33059
33060
3352
3366
3367
3372
3373
3374
34309
34405
34406
34449
34456
34457
34458
34459
34708
34709
3478
34808
34823
34824
34827
34828
34829
34830
34832
34833
34834
34835
34836
34837
3503
35352
35357
35838
35852
35888
3592
3595
3597
36003
36162
36163
36164
36166
36167
36213
36229
36290
36291
36301
36302
36307
36308
36309
36310
36311
36312
36313
36314
36315
36316
36317
36318
36319
36320
36322
36323
36324
36325
36327
36328
36329
36330
36331
36332
36333
36334
36335
36336
36338
36339
36340
36341
36342
36343
36344
36345
36346
36347
36349
36350
36351
36352
36353
36354
36355
36385
36386
36387
36388
36389
36390
36391
36392
36396
36407
36408
36409
36410
36411
36412
36413
36417
36418
36419
36420
36423
36424
36425
36426
36427
36428
36429
36430
36431
36438
36439
36447
3675
3683
37115
3714
37790
37791
37792
37793
37794
37795
37796
37913
37994
3805
38129
38130
38131
38132
38133
38134
38135
38136
38137
38138
38139
38140
38143
38144
38145
38147
38148
38149
38151
38152
38153
38154
38155
38156
38157
38158
38159
38160
38161
38163
38164
38165
38167
38168
38170
38171
38172
38173
38174
38175
38177
38178
38179
38180
38181
38183
38184
38185
38186
38187
38188
38189
38190
38191
38192
38193
38194
38195
38197
38198
38199
38203
38204
38205
38206
38207
38208
38209
38210
38211
38212
38214
38218
38219
38220
38222
38229
38230
38231
38232
38233
38234
38236
38237
38265
38290
38327
38328
38329
38330
38331
38332
38333
38334
38335
38336
38337
38338
38339
38670
38701
38702
38703
38704
38705
38706
38708
38709
38710
38711
38712
38753
38754
38779
38780
38781
38782
38783
38784
38785
38786
38815
38816
38817
38818
38819
38820
38853
38854
38855
39026
39051
39058
39059
39060
39061
39062
39063
39064
39065
39066
39067
39068
39069
39119
39122
39126
39127
39150
39151
39270
39271
39272
39273
39278
39296
39299
39507
39510
39511
39512
39523
39532
39533
3972
3975
39871
39873
39874
39876
39877
39878
39888
39893
39965
39967
39999
40000
40001
40122
40123
40124
40407
40527
40809
40883
40885
40886
40887
40890
41058
41059
41060
41061
4121
41254
41262
41296
41304
41308
41330
41338
4134
41368
41410
41425
41426
41427
41428
41459
41547
41548
41551
41556
41559
41561
41602
41603
41604
41605
41633
41635
41636
41638
41639
41640
41641
41642
41643
41644
41645
41646
41647
41685
41686
41693
41702
41703
41708
41709
41710
41714
41718
41720
41725
41726
41727
41728
41729
41730
41731
41733
41734
41735
41736
41739
41740
41741
41742
41743
41744
41745
41746
41747
41748
41749
41756
41763
41764
41765
41766
41943
41953
41961
42001
42002
42003
42004
42015
42016
42017
42019
42020
42051
42052
42066
42067
42068
42069
42070
42081
42082
42083
42084
42086
42087
42088
42130
42139
42159
42265
42266
42267
42268
42285
42339
42347
42356
42501
42508
42631
42662
42702
42703
42944
43082
43124
43125
43129
43152
43153
43154
43155
43156
43158
43250
43334
43335
43336
43338
43601
43661
43662
43802
43865
43891
43892
43893
43918
44046
44047
44172
44276
44277
44279
44280
44281
44303
4435
44353
44365
44367
44601
44602
44603
44626
44627
44628
44637
44642
44643
44644
44645
44659
44673
44674
44675
44676
44677
44678
44679
44720
44837
44838
44839
44842
44843
44844
44845
44846
44852
44853
44863
44864
44875
44909
44910
44913
44957
44958
44960
44961
44962
45064
45086
45096
45097
45151
45173
45298
45388
45394
45425
45442
45449
45450
45451
45452
45453
45458
45459
45510
45514
45516
45517
45518
45519
45520
45527
45531
45532
45537
45538
45548
45550
45552
45553
45554
45556
45557
45561
45562
45580
45583
45585
45587
45588
45589
45590
45591
45592
45593
45594
45596
45597
45598
45599
45600
45601
45602
45603
45604
45605
45606
45607
4567
45699
45904
45908
45911
45917
45918
45920
45921
45922
45923
45924
45957
45958
45959
45960
45961
45962
45963
45964
45965
45966
45967
45968
45969
45970
45971
46153
46154
46155
46156
46157
46158
46159
46193
46194
46227
46243
46244
46245
46260
46261
46262
46264
46265
46266
46267
46268
46293
46294
46295
46296
46297
46298
46299
46300
46301
46302
46303
46304
46305
46306
46307
46308
46309
46310
46311
46312
46313
46314
46316
46317
46318
46319
46320
46321
46322
46323
46324
46325
46326
46337
46341
46342
46343
46344
46345
46355
46407
46408
46409
46410
46411
46412
46413
46462
46622
46623
46624
46625
46626
46654
46655
46656
46666
46667
46762
46763
46764
46765
46766
4725
473
47535
47544
47555
47557
47566
47568
47569
47570
47572
47579
47583
47584
47585
47588
47591
47593
47597
47601
47606
47609
47624
47625
47626
47627
47628
47629
47632
47635
47637
47638
47639
47891
47894
4795
47996
47998
48286
483
48334
48377
48378
48379
48388
48566
48567
48596
48597
48598
48599
48600
48601
48602
48630
48631
48632
48633
48634
48635
48636
48637
48638
48676
48698
48699
4871
48823
48825
48826
48827
48828
48829
48830
48831
48832
4914
49259
49260
4937
49376
49377
49378
49379
49380
49383
49399
49400
49401
49402
49403
49404
49405
49406
49408
4941
49410
49411
49412
49413
49414
49416
49417
49420
49421
49422
49423
49424
49425
49426
49435
49436
49437
49442
49443
49444
49446
49447
49448
49449
49450
496
4960
49714
49724
49725
49726
49732
49735
49738
49739
49765
49767
49770
49771
49772
49773
49774
49775
49776
49777
49778
49779
49780
49781
49797
49798
49803
49873
49911
49967
50030
50067
50310
50321
50322
50363
50395
50396
50402
50403
50440
50441
50442
50476
50477
50478
50488
50493
50973
50974
51115
51197
51434
51663
51714
51715
51716
51746
51771
51772
51773
51774
52090
52150
52484
52603
52605
52606
52607
52639
52727
52863
52864
52865
52871
52872
52875
52884
52885
52889
52898
53074
53109
53110
53220
53221
53222
53382
53388
53397
53398
53524
53620
53627
53633
53634
54335
54348
54397
54398
54399
54400
54401
54402
54403
54404
54567
54568
54569
5566
5590
5591
5593
5598
5601
5671
57011
57012
57245
5748
57786
57787
57790
57798
57839
57950
58061
58062
58068
58069
58072
58112
58113
58114
58141
58184
58247
58336
58377
58389
58390
58391
58398
58399
58400
58630
58679
58726
58997
59111
59166
59167
59216
59217
59218
59321
59349
59362
59365
59366
6157
61739
61779
61934
61979
61987
61988
61995
62039
62045
62049
62070
62171
62179
62181
6241
6398
648
651
6888
6889
6890
6981
6984
7249
7268
7270
7271
7273
7274
7275
7279
7280
7281
7292
764
7799
7800
7849
7850
7852
7853
7856
7857
795
8080
8223
824
8259
8340
8341
8342
8343
8415
8422
8423
8481
8487
8513
8547
861
8713
8786
8787
8789
8790
8792
8850
8851
8855
8858
9406
9407
9408
9586
9748
9881
9882
9883
9939
